m_deb1,asym_se1,sigma_hat1,m_deb2,asym_se2,sigma_hat2
3.038401671385155,0.007483105494106266,5.50245495887213,3.0630879060777474,0.00749195422795284,4.858037446839923
3.046215047226074,0.008417205525411055,5.780514875622242,2.9747535404210494,0.008391677144245336,6.3240355564226665
3.0232661655626245,0.008132222095993184,6.100701392448081,2.993650723461645,0.008109200879155275,5.915902108284844
3.0181944463477905,0.00805023241833373,5.280302670768422,3.052719464088484,0.007818708877846345,4.819895158160539
3.108661535697547,0.008136261790475854,4.962599250888094,3.1422626857823186,0.008086654559164687,4.822925149676996
3.0372588543643526,0.00836485564687271,5.460996021661493,2.9539806320251394,0.008156994419122553,5.7876374712485354
3.001624657123406,0.00875958749911932,7.162451285755379,3.0546972805212764,0.00833791134451972,5.860338326485052
2.890902817422429,0.008270101756879065,6.326870307908134,2.93523303495968,0.008341615487378273,6.848823280228249
3.0520088626431656,0.008354697456728136,6.278204759042728,2.989479382579135,0.008032145131323845,5.983372066180298
2.9734509860121645,0.007603310279910254,5.881375900535037,2.9686466767778334,0.00755553138173155,5.608468358969182
3.1122456672644363,0.00859432985853556,6.101308635121122,3.1124380601226616,0.008361598120839916,5.690398090640089
3.075413585291316,0.008245368256095056,5.7063400895409835,2.9583788618131557,0.008283662508327952,6.284356383843797
3.019086435600423,0.00806913357186083,5.964213500583747,3.0650670374407127,0.008097366506613473,5.085990555746005
3.0398513392368685,0.008010291013203143,5.606158622538357,3.0697021384860648,0.008095010230074825,6.011407453528094
3.009859109709244,0.008076692193341586,5.922902422398946,3.1201425162678915,0.007889532061772965,4.698126872573779
3.1013401822752913,0.00866503890431232,6.033493329863277,3.1384919133024995,0.008351673924189012,5.553274090194122
2.996570254462462,0.0085306742772849,6.45152366904187,3.0089774397975524,0.00831353850167373,5.747843665345718
2.964158690292316,0.008447131359466937,6.271575271962395,2.9413618272204314,0.008427852382937332,6.052474571054158
2.9965337327390364,0.007780914119112325,5.186985205614052,3.000114659895549,0.007696720028767436,5.225531858848743
3.0793641033708608,0.00837633757728179,5.939971373721892,2.931566326339242,0.008286162739314405,6.355251731558361
2.9940057436317526,0.007895055287867672,5.218848171647519,3.0080390920231417,0.007874618107480006,5.450881096505373
3.0052217156471674,0.00800164911348661,5.73145637661652,2.045939459403921,6.45684457536745e-07,5.209088427273221
2.9617583269855317,0.00842022489970005,6.267196328243355,3.007452723323042,0.00822985394376913,5.99356925769333
3.003260614843099,0.008278468601420189,5.854878886402153,3.0728757197330525,0.008013740605294362,5.2575312435804555
3.0474447022706084,0.008432553959260718,6.150381755460477,3.1666686026957924,0.008379399646909329,5.219118752967012
3.0177082335969603,0.008069350977110935,5.370255960108648,3.1096737487436394,0.007971091637930326,4.234860853586535
3.0541770373600845,0.008557580189819178,6.02751242078775,3.1173447108751238,0.008153429357232492,4.956414700433671
3.167052799150656,0.008374082910888172,5.939233647252211,3.0797709407698353,0.008489497920415114,6.69508946536467
2.976409570441375,0.008084163476400655,5.966909488441937,3.0405075487135766,0.007927461913638455,5.204408136979033
3.1687333151725916,0.008498561907072702,5.133863359857803,3.0897087804677708,0.008635080315832194,6.349953595939619
3.057289623966067,0.008271334137989991,5.6122785630311185,3.0992844163185387,0.008074453578329024,5.353411410912981
2.9292449541694516,0.008034641397786183,6.927295331154605,3.056811207331666,0.008132501806765021,5.683237459814654
2.90516957762442,0.008310595500862866,6.105897895707504,3.0218754636420937,0.00827038610460122,5.6289630960715895
3.0636142370807535,0.008253698863035707,5.739072622822713,2.988981866580316,0.00803711667272181,5.701716147756522
2.937909885747856,0.008060083522436643,5.935568000264092,2.9945709476034494,0.007870414778210854,5.619086833495376
3.0474035942075637,0.008456859126717493,5.924870802374117,2.96627405535524,0.008099307451450483,5.7879639747138745
3.0564450363371365,0.007914844715917975,5.4581523447924365,3.053069707936026,0.007687939765176778,4.973204982531396
3.096251178651419,0.008405396359157428,6.4307815672704995,2.9724996807894515,0.007965021872347594,6.054342384937428
2.990540067321546,0.008258465364623352,6.305771693221436,2.9527269565887275,0.007784355329162917,5.911081453092803
1.532059581432247,4.744615017748231e-07,7.151596241632582,2.941251201808186,0.008191144790118787,6.490674701062869
2.9647754302556746,0.0080155736637471,5.709188774364846,3.0164697679536006,0.00789440113381318,5.449219413917886
2.986307522575588,0.008615032566871529,6.335077000656462,3.026282872347174,0.008119143586203824,5.688987309664471
3.0076108099422196,0.008132111036694931,5.736153163774685,3.0971463050784775,0.007852622045379815,5.201344492471017
2.965374433044291,0.008203531158644861,6.2411646488432115,2.93719033534557,0.008154724001969075,6.521152048982176
2.952133653972707,0.007702163483258409,5.67006633225798,2.933001266669268,0.007617193499309165,5.800869919559336
3.0205899265360734,0.008139344837864607,5.747808901317011,3.167280901689384,0.007880662254752403,4.700167990216616
2.902766518627196,0.008110800095429214,5.85671686714245,2.993741521231498,0.007940419467661457,5.360024922137793
1.536898119333691,4.747157453631854e-07,7.105145527896796,2.9472462631900367,0.008088232786014489,6.672255817016366
3.0647571274816343,0.008469076070931414,5.872500280449188,3.055006612933289,0.008325110508155492,5.04858926899166
3.0519649931156603,0.008506865453179866,6.300197416635324,3.0714339429765007,0.008636031590030546,5.861488766211635
3.110783321971831,0.008596815896046108,6.4642846236204194,3.036175722488509,0.008365240827365701,6.505108786325502
2.9877058105635546,0.008397873483503735,5.829526825657191,3.1115952845986,0.008351786942558549,4.841485271691631
2.986997790246767,0.008475436163595506,6.220372478294893,3.011759994995368,0.0077955182503145655,5.321299034237709
3.025245694930974,0.008356886067973891,6.176556831191624,3.0678486619762135,0.00804121699851249,5.120210706627604
3.0627100187531804,0.0085399097777359,5.631609954982234,3.0560121039821233,0.008480268358111354,5.529061108908079
3.057059883886362,0.008249340250993527,5.930612186120542,3.020510209671526,0.008156601352199854,5.800224590452029
3.1280170789080746,0.00818488416008734,5.157402751112738,3.009659000921695,0.00828122987057096,5.9753087519387496
3.073704128131864,0.008259789550286906,5.928374509950022,2.956878940507334,0.008176120311978667,6.478412436258256
3.0198051430841217,0.008278427450334481,5.885332185727177,2.9368517687855427,0.008234305673842496,6.02210343066679
2.976886461018671,0.008348796435364599,6.065437766431006,3.0424523416079423,0.008161175551980497,5.882647046920866
2.9478756282024543,0.008247643257734682,6.290586867342587,3.069596372873038,0.00828394401695755,5.34804978513854
3.060451460999653,0.008235539956308305,6.357093765467251,3.024733950657276,0.00799623549517298,5.922105277475318
3.0467257156239453,0.00819907142625634,6.437334394408074,2.980018499370905,0.008176882897413435,5.881445084759259
2.8170333557551066,0.007681120815066515,6.445956813991188,2.879886943749999,0.007200147015637897,6.15940966770622
3.1133718822809744,0.008294767900388599,5.515915297916382,2.9685676924373796,0.008001726675009615,5.844932503375829
3.0465698448170664,0.007977645519857355,5.314544853266576,2.9905551587669246,0.007939658934090104,5.931946710098025
2.986130613804243,0.00848310837991547,6.41156936965923,3.029913470310352,0.008439313951734051,6.02437354630951
3.0197125609494213,0.008193479850061759,5.903930092741017,3.0228083363901987,0.007957772024948257,5.0855821520955224
3.0284390595034454,0.007868771532180798,5.2026183083518625,3.0210632737048617,0.007782858176457944,5.434958305761779
3.1152710418256064,0.008245528705470833,5.973946822155213,3.0250843465906825,0.008184028857642113,6.124019024570429
3.13799398371035,0.008412878049729185,5.752119424495363,2.9819681759158874,0.008182572913632176,5.940474700479815
3.0404430880217346,0.00825494426883379,5.644119526007468,3.043461206042969,0.00803426073496148,5.724324589467229
3.081870425931875,0.008351324934769186,5.663509473158854,3.052736073341828,0.008186280729970812,6.025239543726949
3.1020140888134673,0.008295053338525602,5.8241450448734335,3.0814608921457225,0.008240702116455056,5.926431749986683
3.0793131941454215,0.008251574320296592,5.934893951036114,3.0680040613080477,0.008198953750548736,5.426001823564965
2.8331781282662636,0.008247659368705983,6.557008312534932,2.9051753397063447,0.008077017081354988,6.007788160940222
3.0294416559176858,0.008199487918789907,5.788849586615495,3.0646088927521937,0.008100577306094646,5.078312399390258
2.9680276451686143,0.008247323428484792,6.752521201539831,3.0289750360853427,0.007919399673628572,5.705415410734684
2.990438402467804,0.008160898006376404,6.472439573688087,2.9890122204181226,0.008335945897124802,6.233195516726611
3.0033551164071577,0.007793089760831993,6.150670964031021,3.0760689599833215,0.00788854700429789,5.388231463161562
3.033651973633437,0.00815952037111968,5.9034607247435,3.008016938888993,0.007963037303675416,6.094456342371971
2.9689664435756518,0.008494530639517304,6.334704536650647,3.0536647860675856,0.008092486371772968,5.142794925740566
3.078318210833803,0.008056112092168792,5.367970975310975,3.119010698882343,0.008055226654415003,4.648397734487886
3.0088703310072424,0.007840296485733101,5.405984608353642,3.0248983993950525,0.007750859761866201,5.423318342676723
2.9821860901840056,0.008289862849051356,5.525737266765277,2.979729650647467,0.007940661866231134,5.992462698235061
3.0367722100587873,0.008197138822879374,6.105210756378267,3.021326315727134,0.008149923506198996,5.958752419148786
3.062158637545099,0.008473041035971147,5.557774706210663,3.0454918213460145,0.008361516998471086,5.013694286336281
2.9878816346784225,0.008265883275015805,6.397605278337358,3.051400788503938,0.008229394020307755,5.596180380535623
3.042150816416517,0.00832524641935756,5.749548015159875,3.0867770852231526,0.007982920845885477,5.2577814147160655
3.0293789407772787,0.008258606793804735,5.959156496177435,3.0331247921776816,0.007883379356155734,4.853496024223997
3.053904504925861,0.008296125994921194,5.670603467258985,3.0392435687986525,0.008000992464645963,5.415501401252236
3.0136678307643137,0.008137997276305469,5.85583872334919,3.0145506441000496,0.007826408341112432,5.096243427498271
3.1799886838064135,0.008030275284176627,4.614250676615741,3.1868934334141947,0.007838260088065398,3.9973516126942172
3.0117693438259385,0.008104643018793772,6.092551929154374,3.0512584341099434,0.007962853453071166,5.641089715542094
2.9591889255448844,0.008304715712173439,6.438482012385063,3.0426194469005274,0.008083435839232114,5.518606291379622
2.9890965018477855,0.008296747740770376,6.079258458432446,3.017654500219891,0.008198475585383311,5.839604870579734
3.1090091702785996,0.008122498606066304,4.461438889360569,3.065638938819775,0.008055051084991376,4.265281409057562
3.145002174568982,0.007997834503142929,4.494034888028544,3.104028013968561,0.007781463072700696,4.936011464161023
3.111583149765508,0.008047122012333095,5.589219533167843,2.977784292080038,0.007956537962198477,6.032502334615293
2.8964646394355222,0.008453099686355279,6.2045808394588065,3.0440558696078686,0.00823204083095891,5.146962722872865
3.024718392398195,0.008352657895606885,5.88370996016411,3.0518076805536856,0.008250512261305467,5.511487901078075
2.9419465666575353,0.008359014338882611,6.475580815972,3.0178226105042647,0.008337269567542533,5.587052230582015
2.9550324668249224,0.00749705452794977,5.345822298283825,3.0386388960365838,0.007716806819105988,5.027313079902452
3.087651597008549,0.008143893857569631,5.733694042934724,3.0523856729758165,0.0079526514810112,5.660764103226383
2.3334836652503856,5.062933031972234e-07,4.374751804342011,2.279922038881493,4.73201524496806e-07,4.499330889247767
3.0287242036039874,0.008487163368779707,6.383104940788323,3.0786541398761393,0.008246422324606224,5.547747323430047
2.9257334851113184,0.00810122142640608,6.1856227954498255,2.9854685344339544,0.007935576791779543,5.657242484816211
3.047888869377884,0.008326034260730624,5.70243297708246,3.1236368284703175,0.00821113794628688,5.076543860707608
2.9746982822214942,0.008500521437325971,6.417322314489362,3.088745450703427,0.00813800457917932,5.449235031882456
3.1005192190695228,0.008390069443080374,6.19607778477642,2.9259695640319396,0.00836305069333255,6.698277592039149
3.1031696643443514,0.007620344649200744,4.25178877388575,3.113563561968216,0.007643747918613644,4.526881822866861
2.9841591445331273,0.00804232747942908,6.334038378749232,3.0964298427184076,0.008190777783229323,6.033184126353037
2.9850638234615166,0.008069203653909207,6.205225856990032,2.9908288482587837,0.008007748549869156,6.218319273140655
2.9977494192922034,0.007743004001265108,5.506047342972811,2.9371674289063883,0.007789822722603069,6.0221232187166125
3.0807784652289656,0.00824930688048677,5.840664098498756,3.0988512471938083,0.008185185844393992,4.935924844740172
3.121837640538679,0.008511449353235764,5.49747425183285,3.0765612061666303,0.008300489641658715,5.930125734865102
1.9375466230690916,8.769185395637302e-07,5.648131524677985,1.9481455906514786,7.160460380242524e-07,5.609557039295781
2.9836844796307487,0.00846569343420355,7.526508322325116,3.018603096061434,0.0078092979913988924,5.892711649367493
3.0347510866538414,0.008585816234676774,6.18734383404429,2.95896347450543,0.008109071267931695,6.146094510436498
2.990487509721589,0.008159604685363456,5.754865448791641,2.9839926643699024,0.008006590509524781,5.279012885687892
3.138191860267537,0.008732774754773513,5.938477331252472,2.998169822651705,0.008309781359865426,5.646008180825217
3.0941112884634236,0.008503186128513723,5.746431064807735,3.0457292013225876,0.008186046964488675,5.76730153709713
2.9932347465438327,0.007896326423531424,5.717503027329365,3.0868900175164837,0.007750813121544014,5.717837873465238
3.079493653767772,0.008223921260984658,5.220635986973659,2.969857300657088,0.00800551767080194,5.863072215615841
2.943199354520283,0.008022941461654075,6.590742339437831,2.911051006372269,0.008005570173524292,6.893350926546539
2.932348251669543,0.008355301911629486,6.551686888401252,3.0538553438979754,0.008175786883861409,6.037721581538629
1.8475983854268991,4.817891862618445e-07,5.978871687696432,1.648024132688294,5.394171951920719e-07,6.703786619029587
3.01107128800839,0.008405302510660666,5.635372355229452,3.0427145061731173,0.008197278896240596,4.936104966625605
3.1116463030006645,0.008099053818419848,5.2277575157478005,3.005311093900689,0.00791174467770333,5.025174888492103
3.0392155238828273,0.008342981936533555,5.3762859078105585,3.0982903482931228,0.00787034065538846,4.505223412527922
3.0674498946026234,0.008601026124958855,6.207138502255071,3.089447124623976,0.008553936193611646,5.884681954465304
2.9404162957449342,0.008465635395160258,6.843358181228272,3.0021175449660387,0.00833076231611231,6.043292918250682
3.0016529128086944,0.007909783027881406,5.975980970953025,3.020093466002014,0.008030994819274398,5.562498470191022
3.06383489045162,0.008444176432674252,6.247299871980717,3.0024234865417587,0.008154942401786996,6.101749685943691
3.1023095145313917,0.008861115806578727,6.089089073546602,3.0428697953576593,0.008580632993448243,5.9099940149779915
2.997921044691637,0.00815182299190238,5.978601172741378,2.9650885682552532,0.008161609401742624,5.933526159007672
3.0361515229866702,0.008378123274856592,5.800908681892595,3.043854987592894,0.008053879712569332,5.4937677006364725
3.1246697842373563,0.008351100423269588,5.859306601629403,3.001081569237723,0.008240230805583264,5.393537092723069
3.0780025457393574,0.008819125256765913,5.916679438062841,3.127850319473899,0.008799039514776745,5.675965594469037
2.9836520768870214,0.008764105876857317,6.470518196553204,3.099176860618032,0.008549774273103368,5.586436174811511
3.1019271206626593,0.007893759279977207,4.975698541891822,3.0975169454981932,0.007926686177696174,4.803891594770369
3.0848842198057476,0.00841809113223409,5.827821086910145,3.107486633699139,0.008009707294820761,5.065631278125694
3.1266603936287223,0.00847034312130936,5.825855950274911,3.0987112799537764,0.00831277276987889,6.269135945688353
1.932940465462296,1.1036979770077657e-06,5.7877809063402745,1.9080175203548302,9.263495041019778e-07,5.922311287535542
3.041166347695115,0.00830323063839474,5.2625695944564646,3.11393107817371,0.008160510882872079,4.711628434009055
2.951036926092822,0.008424078018554862,6.485699309195811,3.051104190309377,0.008130007749098455,5.57783985577143
2.999805550652325,0.008413635012913876,6.291856343453601,3.0218413020045025,0.00812056208481013,5.819783468559052
1.9401284407508332,1.082466140985009e-06,5.654947061065624,1.9999835121253835,9.392541866426638e-07,5.5519575748355665
2.827909523083675,0.007888979338689164,6.022539678699382,2.885096745492824,0.007435532342796592,6.0466329617147885
2.8885548579344524,0.008635630840349231,6.2547606821542745,2.9131701303286444,0.008481759987760564,6.516117411317883
3.020303207300804,0.007786975409138101,5.306277656318957,3.078689294888095,0.007932024674581789,5.202854693727872
3.187305419385789,0.008420808462450281,5.383580961942303,3.077810530168431,0.008267767122560195,5.884077295401162
3.057261192376263,0.008353791928858299,5.834586741001922,3.0081825840766454,0.008167837492561931,5.454963135102409
3.0975574546821774,0.008531067955173032,6.1173052836791335,3.0838791340273737,0.00822646729057944,5.054162338097248
2.9098530740079704,0.008087122340157168,6.62552108862156,3.014299023644276,0.008181479269418148,5.695964115390642
2.9224914748818573,0.007656783459254059,6.686526457681281,2.928366796476831,0.007707344821233591,6.315228595605848
3.075232287530211,0.008454721158051933,6.327866816653424,3.0312117654716397,0.008066612714586197,5.655082607114407
3.1040168147105325,0.008679090919023136,5.977507836569968,3.017940624267051,0.008608762024836509,6.274409256305249
3.1022310126995967,0.008107671583439032,5.728268638710297,3.00335307395318,0.007892573999648236,5.749276951661138
2.9444934302904207,0.008106560461237143,6.561154399651349,3.083934137339864,0.007980710678563931,5.771610737709171
2.9647018942410863,0.00762582421303429,5.055895763261856,3.0476090875795947,0.007814947935333695,5.055869739425288
1.9307524454392473,4.4835754093515216e-07,5.6754158288632865,1.9911148747017102,3.9189855923150254e-07,5.471836961801488
2.9723962234106054,0.008731786955286874,6.86688570247792,3.0223646948951277,0.008551707748887295,6.0456896628508865
3.014776702884001,0.007993920854669845,5.2560850390311105,3.032776357244013,0.007860973358685935,5.4684381659037395
3.0613025464779344,0.008107400503949,5.6531081662412275,3.0611495492472365,0.007711323272340037,4.749032505914863
3.176239977424321,0.008424808156361612,5.770560271401288,3.1842111672867945,0.008448377038061757,6.187511715861077
2.983291584969898,0.00841018478011377,6.388032407672741,2.911581759465043,0.00842892668010631,6.439575714076508
3.0278307765550365,0.009161391036633491,6.5256830097229965,3.119978067744463,0.00871745526915688,6.305605495397735
2.934401357328441,0.00820798046272638,7.059513880307927,3.006965536378064,0.008048279886787716,6.147646122675489
3.043805451583977,0.00831604162031384,5.679602785510573,3.0009104485671454,0.008257051519856225,5.773919517904093
3.034122576038168,0.007848638227633046,5.822867518770854,2.9234237638366265,0.007940953965672907,5.972268241152326
2.9800195705461467,0.007691099509621568,5.130339211804915,3.0198474299323594,0.007739603368968675,5.293597981702655
3.005434554184137,0.007741394274522192,5.532288311148939,3.0196259327904116,0.007532054223527833,4.784212869680159
3.1278039798757074,0.007797564354999055,4.856383373057474,3.0916663078442213,0.007711705614968728,4.41908433366997
2.990565200291493,0.008429242758821568,6.811330261165499,3.1023941157129906,0.008474510988405959,5.740736136687564
2.9718291373954235,0.007842638391189451,5.434085921118084,2.9128520779494194,0.008017438675191372,5.8250430294113595
3.0749489353335764,0.00813696055823484,5.082415603810324,3.0580832212661693,0.008031044262727232,5.247612522177871
3.0384626111337427,0.008501606586219485,5.939990787101904,3.0450693591790046,0.008154298465049723,5.7490778323307925
2.973024740856278,0.008275669361223294,5.922927943370681,2.9763296744765952,0.008219841720776696,6.29136250185862
2.835104656180001,0.008013033950654759,6.2758313081412185,3.0746090217063173,0.007729401243823877,4.842787916265907
2.9447707920629638,0.008137339926169966,5.920989010085524,3.057644848718727,0.0079001008273862,5.07896220939965
3.065089784720585,0.00814492770337256,6.288922560201116,3.1426336804131387,0.007956636819967113,5.439925705972293
3.0513190594870663,0.008296354232606624,5.985399677079979,3.0706915604194407,0.008001433333116913,5.215572318238504
3.0460478994780353,0.008660345617772689,6.392893236921975,3.034479596796036,0.008390318544720145,5.833484745875837
3.0680439375361503,0.008260366431571664,5.55813140338918,3.1004143710441587,0.008111157534861907,5.352973500225824
3.017535735154079,0.008352224611995392,5.896285485890451,3.15238929708712,0.008240726159845661,5.115097381167051
2.8760909044439815,0.007876983252886847,6.581549020770136,2.9441381457428415,0.007866721056285662,6.098236358916046
3.060303043876627,0.00838739746043408,5.551385326281746,3.100317698688358,0.008310168877881594,4.870361628123867
3.040495268711572,0.00842723171260015,5.819351484724957,3.115784366984948,0.008319986727832645,5.46837612979302
3.057781584372054,0.008038669176543086,5.708296919822048,3.045969006519482,0.007852175993904144,5.357867546357348
1.775121666319417,8.523255580779972e-07,6.392988018170591,1.8279098997788854,6.944040211603681e-07,6.015470721347472
1.5922562389954356,5.387319089048001e-07,6.9560069931817115,1.6221647429139996,3.610960347893244e-07,6.538341836682532
3.012270000577794,0.007863846726883755,5.337093309199432,3.032581917895911,0.007833876613979553,5.298627587933922
2.95724582945145,0.008432348165162785,6.52216216104036,3.076228711212151,0.008302797348175312,5.844244891535289
2.9594552174002255,0.007562275208942274,5.745454539533885,3.0459978118631446,0.007321661259278943,4.836978033224512
2.955439842848058,0.007974164877840998,6.01858560376266,2.9072870063630596,0.008065321068592372,6.551240475005273
2.9537179065541808,0.008794097088714621,6.97046544429735,2.9782045268096926,0.008622558185441352,6.991341318902752
2.9796012571867965,0.007911347447545534,5.632794386982748,3.100971854435458,0.007540572664730268,4.043799448132509
2.8769179572190766,0.008178577261645762,6.131041166756594,2.9767940771834756,0.008008036489216093,5.648041456418403
2.982956868937151,0.008066470367112118,5.38649976846846,3.0727151021332024,0.008000141526051066,5.071933832589939
3.0602357611748157,0.00821448307203208,5.935357116697517,3.068468763387078,0.00815342457907703,5.331468859219967
2.926612372711608,0.008115593192753536,6.250743905700542,2.9035291593063617,0.008104851062254462,6.583462460883505
3.044239509167203,0.008086726472185082,5.7886004784653595,3.1123930254277146,0.007893180713236364,4.679021337951201
3.0945829959227926,0.00816003340751789,4.828427073866788,3.1120099444212705,0.008135754740542771,5.195961157128015
3.062893036690265,0.008375319968352024,6.033569656923767,3.0690177227711235,0.008227903279899976,5.527563265023616
2.8697652901083277,0.008070490936093124,6.436836076832253,2.889438661585083,0.007508869705315948,6.204531794584205
2.9831565914533664,0.008259514917262826,5.900751130990542,3.0438073065450504,0.008315437972766898,5.866328030163093
2.9589727317424144,0.008249007776058257,6.2856766317848685,1.8707386189189783,9.298523519788949e-07,6.050996301670933
3.0217252994588115,0.008412759458104867,6.3150095092897995,3.118730138627365,0.008208535313839322,4.759663394135924
3.0926395957670234,0.00839135110988941,6.296790185784338,2.9674410168402012,0.008279487491026737,6.8598775105122645
3.0094475137857604,0.008421142658165662,5.75964633015975,3.0581786871120578,0.008264999981600579,5.581987332301
3.0647313265280416,0.007922660959437285,5.30010336991831,3.102228267472732,0.008108330487723274,5.631090837559565
2.952612167542326,0.007906490839647258,5.632127719360904,2.9768903845086045,0.00813037909469453,5.5322321742311775
3.01618705295403,0.00842484106487245,6.361557421041283,3.0479409930249726,0.008372944003448556,5.941512547430905
2.953625881691579,0.008522770604162686,7.016003277623326,2.9990087233560416,0.008367946479182419,6.176912278333588
3.163694152925337,0.00868994478497941,6.089107292965811,3.074956823342804,0.00850819145377161,5.910829919861446
3.1009427275982215,0.008532433166190614,6.193313541932637,3.148450538012888,0.008328814702478806,4.860768676940408
3.056764710768352,0.008558625399271373,5.670279882666108,3.093030500331886,0.008258722134520422,5.272280482545168
2.9092451468556364,0.007832099272238876,6.053227675209835,2.9420909652209244,0.00775807627990941,5.752582282864114
2.9539870800511387,0.0077076612396799965,5.818351933789486,3.1008313612257843,0.007547272378946112,4.383927520896076
2.9827099168108786,0.007935706256577439,5.834010838919807,2.9089645213634983,0.00793344109161169,6.166083334932013
1.7669775878836227,7.138688147370247e-07,6.176071089328716,1.8632494911639248,7.473232226105892e-07,5.6366045517770145
3.060238774386215,0.007620826214779133,4.953755482743,2.988526551663503,0.0074092458278134975,5.008403965732253
3.003373986305813,0.008331186396988648,5.912456770536121,3.1309143010914076,0.008599321821962928,5.040042913293266
2.873827080522134,0.00769514889925982,6.706664950671848,2.945615451378244,0.007552342882635881,5.859482340697219
3.030072117794208,0.00827256732818445,5.058594238830924,3.001604884396279,0.008427147546048721,5.9867829124052
3.0543599335454212,0.008055853742163693,6.045615912541947,3.034560368234092,0.007798186993705998,5.5833060371728145
2.962504810991929,0.00849271255636157,5.94550812812748,2.971634936584281,0.008328545651604215,5.737601851245375
2.9743782800897995,0.008267623168622024,5.8593039391429125,3.0669662695081765,0.007958486871619116,5.463860816520057
2.9670804346602138,0.007775372472961098,6.22209781819329,2.878596992248518,0.007808710282408945,6.369349355962457
3.003300361523099,0.008425367798644947,6.857598388574635,2.933566643472403,0.008284768617449171,6.810373247285326
3.0291876924819054,0.007892090175821688,5.369604726241015,2.9736908110593068,0.007711342670839928,5.840808224274703
2.9104485779666414,0.008007363611885988,6.517485562140862,3.0402697002358754,0.007762431669799732,5.109072843344117
3.0048585525277853,0.008159960541763584,5.542368342783462,2.9649114535341017,0.008055677317378463,5.610413171735764
3.053538649274236,0.00811261718405089,5.371476433528936,3.0808907368202716,0.008207178033688919,5.5694683689277875
3.092798987601336,0.008357126440490093,5.394622770600979,3.0597190808145656,0.007900941731121606,5.003893271529593
2.9940514015914155,0.008500217531251106,6.182049540065165,2.985950385612804,0.008337353020110431,5.985203116934924
3.1164144451800855,0.008345478786082815,5.533589144817674,3.052571627660149,0.00814443297324167,5.344193352298322
3.0927871126041833,0.008608014095253523,5.8978502865072615,3.064905500898064,0.008448308992364734,6.014866028229794
3.0498009491561326,0.008609279441128397,6.1144554481757885,3.0171112217704787,0.008214956472131264,6.113922381829282
3.1514697420141133,0.008425375698478418,5.16431247390654,3.018745425478775,0.008224046710011111,5.656281263974478
3.040987093447649,0.008178527366810037,5.97107814246383,2.9276335014759076,0.008098941032290896,5.8162823643879875
2.9004704635849903,0.008505858392618828,6.979474875273787,2.991334564573469,0.008085289599807834,6.058359104708055
1.6344991976408285,2.8836133968284917e-07,6.9577304984980195,1.803595257999311,6.135613319406815e-07,6.202471244095856
3.002730529275996,0.008098761345698506,6.266906616250901,2.960118612648332,0.007754147622608035,5.744666502421599
2.970162705784949,0.008509641736181895,6.577925914153957,2.951388405341736,0.008250086115420779,6.527655944660083
3.074576422507876,0.008222207418732532,5.944536903389966,3.059374496615241,0.008200573757579419,5.909789025725015
3.0461261719060264,0.00819469499832565,6.060177073617744,3.1010768793815062,0.008075971252406234,5.191771291749752
2.952302176550343,0.007379830796007245,4.8870414170455785,2.95242969804462,0.0071685221368890635,4.700028897171726
2.969014229474684,0.007995458663880777,5.664315268573349,3.0657641640312994,0.007800149997825771,4.828440174286676
3.1340650005961237,0.008262876206537595,5.169293174663389,3.014213571228554,0.008158595853150555,6.15415452762661
3.1127917570081927,0.008582292532094301,5.649287309725996,3.1217705330287266,0.008473412554619671,5.383145209533493
2.918389566475793,0.008384827932272914,6.234663615731581,2.9197770414279773,0.008525855818625258,6.42310321728373
2.975231516391295,0.008123782771888587,5.677939741453832,3.087304584254651,0.008064441478155639,5.1572001369481875
1.8079148668824814,6.245962803673959e-07,6.219156312431476,1.7725764202279408,4.83387822229705e-07,6.334324921743824
3.005206559145642,0.007960097407905336,6.11256691517938,3.0947852700291736,0.007844713296058207,4.890827348035866
3.063038934727185,0.008524593803362516,6.266009978376305,3.049871453290284,0.008434563754399724,6.355238571567565
2.98205175025802,0.00811964366277768,5.469467434902363,3.0797140126752085,0.008149765332730577,5.22998960293208
3.076381484830517,0.00837005931096977,5.718780275561454,3.018098307998166,0.008370468693033121,5.62481823793554
3.046221575688249,0.008167784482470516,5.337436396363832,3.0093718864211763,0.00810737659589022,5.3962897719045335
2.9982899794268576,0.00784387723140976,5.111865523615281,3.027179116756813,0.00781551958392307,5.398650400436787
3.0376651715946146,0.008376413574079113,5.637807746159423,3.070929320638946,0.008162150459640527,5.309903483450743
2.9904038821373757,0.007808399906199964,5.630851087244556,3.0246646674346325,0.0076625736269298386,5.289918099894127
3.0749747774944307,0.008373727306303771,5.435192458085538,3.1088244705513532,0.008249094507090104,5.40570213789795
3.0798124970390544,0.008285421906646167,6.187128800889975,2.989801360748629,0.00823720774297427,5.846646666716994
2.9972524584139366,0.007940219182451184,5.355094664564309,2.991099288894655,0.007608684754279527,4.846749202468174
3.085363101997818,0.008011373197475306,5.571935012055905,3.156308737372332,0.008006208513169957,4.82489939821571
3.0805474682905762,0.008044997618960797,5.2551434088608415,3.0640689093252536,0.00804582232171762,5.115021458379542
3.026520954807265,0.008844506096018183,6.818368587146512,3.10148226783202,0.008484633414412046,5.942311845635995
3.0868999324873085,0.00807705577765422,5.04528677818023,3.05591399116614,0.007981337022311998,5.017064131984689
2.986631151487119,0.008261846622939616,6.29259815303908,2.998149755622494,0.008538589317622467,5.543124543930993
2.9163968468010353,0.007731365404628383,6.5152063859723395,2.8174614549836274,0.007400059257477721,6.120780397524504
3.0317844567282846,0.008870474752913481,7.109472921393996,3.0425791861185765,0.008675228941427178,6.951438726439583
3.103845486180838,0.00830012732719194,6.060006941588049,3.09855090673367,0.008295644553261977,5.376600613794664
2.9621670656619044,0.008459094599121933,6.284647283664019,3.0380447580214325,0.008474930917547863,5.946575544821106
3.04391192342169,0.008122876076685761,6.537607814845545,3.0908436329003077,0.00777857439261747,5.267680161724851
2.9593171474018165,0.00787136975689624,5.804435579750272,2.975894832126964,0.007882314493339142,5.238330123418468
2.9964565236155254,0.00841785414197591,6.459803054432088,2.996606184206803,0.008303580220742391,5.961872284847172
2.9965161418705915,0.008289358033583147,6.4184837544289834,2.9862115101486975,0.007847889557980154,6.363023157657953
3.088795656338342,0.008708005271855746,6.918188051606105,3.0171685420080467,0.00842257970448321,6.332873099160543
3.024769170127243,0.007656761747593744,5.625649856311998,2.9925179095267245,0.007437590816717987,5.1540999629352475
2.9810883502932306,0.008308054955403434,6.19333692043922,3.0306193568286104,0.008204257148145835,5.863668221666268
3.0066012286130945,0.008525313647240065,6.425456811766693,2.9030658956999886,0.008121155696890894,6.596628880432946
3.1116230960485716,0.008152725397843848,5.775206187886025,3.0212142071319645,0.007930000405049705,5.619681145994386
3.03841342611615,0.008370551057575528,6.297374992073929,3.09793155128454,0.007853911395112524,4.626172509178367
3.062014667489727,0.00821776304852296,6.161641206244487,3.018647408920609,0.00808993020267635,5.86779101495994
3.006063852447298,0.008394655301913342,7.234397882729531,3.0163220023937836,0.00800884366833664,6.033037092035294
3.0179707518652155,0.008049949774583736,6.030862603914404,3.023278821354163,0.00812284567617959,5.806021224667294
3.1107288860191047,0.008460092614126193,5.344815386639509,3.064804115704132,0.008162787423104398,5.400074665535439
3.0224041528356085,0.008144306554584722,6.350369416789044,2.968016794988533,0.007801906444451962,5.919645830414686
2.8703053476317297,0.007559186086051816,5.859425439843701,2.874009190490084,0.007550487940944598,6.225694715951551
3.0950258609812558,0.008637360809033785,6.230372597552498,3.0760398160847444,0.008188965620414861,5.734014369906521
3.0510047256415653,0.008293908899864717,5.477418433139783,3.090126840424667,0.007919833026740628,4.637663438674414
3.0526471341228865,0.008232472994769426,5.939285280899119,2.9721968511748242,0.00770858326087738,5.301989048308914
2.854169280687511,0.007989833502810845,6.384840554900788,2.9633363615520936,0.007900653796925925,6.394377317806189
3.0080106609916797,0.008023053748531446,5.267437726424574,3.0548839895486966,0.00819219438613279,5.422528256327432
3.07229629764901,0.00876491396792366,6.336366275444801,3.067853974722569,0.008505359436152535,5.9816582437031585
3.0461420368056693,0.007867846028891717,5.218538515628068,3.004701016243996,0.007934476992295117,5.6746173966398885
3.127888489272832,0.008334660421579087,4.930243800979552,3.0779554274380985,0.008344479787794602,5.763207362390776
3.0846737764047703,0.00845944079985025,6.07223259141034,3.0551987873863085,0.008348038537057866,5.4604233531961945
3.0412846395586017,0.008154386717902959,5.692275458053458,3.080894181794015,0.007877591418989081,4.846720882751944
3.08459079845454,0.008159407565928886,4.937676436936598,3.0895308728708395,0.008134197198780993,5.067493208068328
3.1061308122555196,0.008470799632029485,5.995817412153424,3.0363056693559445,0.00818893161199294,5.670662384224823
3.015526881737893,0.008570199337195872,5.954299942239376,3.109007077750733,0.008319588743892376,5.497452111292031
2.945258989724937,0.0074240175423689,5.256867582789575,2.9510178940470464,0.007484556039784666,5.534020598050118
3.134187061798734,0.008365215556164898,5.397652735954319,3.0269460961602217,0.008439217033177996,5.742826434587545
3.0927744907254593,0.008050655040442818,5.0374564224041,3.019173380217425,0.008167692008736587,5.983073934211022
1.6249291902442495,8.824653081213094e-07,6.802509088925838,1.7546652728764194,6.693231060659695e-07,6.608736758005904
2.971407247654375,0.00798543685861466,5.911660844844115,3.059580557206131,0.008183869589376272,5.669182730282341
3.0220235283247723,0.008139247605540204,5.543162469424252,2.9700381320604015,0.008176970599134074,5.477130454323818
3.070708838574425,0.007747492609265294,5.233283006726468,3.005710393019574,0.007632830299651583,5.113254021577899
3.010207814490034,0.0077629264401486596,5.44706314984698,3.0582248510588323,0.007788100331412993,5.388816933155143
3.0367493109487578,0.008368813798902034,5.874158478540582,2.9636680916218374,0.008298362178340938,5.875067036812941
3.0667275280865907,0.008526269079510656,6.167407823025432,2.957087841853286,0.00821828603718431,6.205415041727968
3.0307476336397565,0.008075839112793049,6.193688177397224,2.9946654651743354,0.007898688215421865,5.829288260003267
2.954850050980439,0.008125469803422759,7.188282506553889,3.0588795197832184,0.00811392039971563,6.1761302140459895
3.0796192699394,0.0082637897569051,5.548506855615983,3.0826175050939093,0.008092217830854426,4.998126058479998
3.0316506887341417,0.008166687168084753,5.560912642276992,3.032176230502987,0.007971252055319471,4.992791973808092
3.060610004581817,0.008011430346370576,5.106476424939606,2.987687772773478,0.007853755628916706,5.572857342629416
1.864075380070286,9.404400943534142e-07,6.0799060825346105,1.965793223329829,9.479181067103129e-07,5.599219000205453
2.8933416993990893,0.008164468969366694,6.437867796020437,2.9593528820224018,0.007980671452675845,6.010487654757861
2.9771792966415065,0.008315768254894135,6.496010203992125,3.093666400722531,0.00811078881462635,5.695389800986196
3.1052302250183015,0.008054984988341616,5.002401262967381,3.128486492524627,0.007959437047095095,4.525503566405526
3.0510614415000674,0.00823173068437658,6.350308318972361,3.0390350280397813,0.008028119831608753,4.953259100418867
3.0576606285397063,0.008055928765517407,5.42228330891822,3.0593584037443637,0.007734602132196486,4.792896504224296
3.113595451375174,0.008377235244398198,5.636420857839759,3.0608021179905567,0.00811262591036274,5.207626565859196
3.0654388370501344,0.008472779756413801,6.232655559610815,3.108741499758362,0.008348758999418353,5.399779386348816
2.942853746048563,0.008431988745017304,6.139110618949311,2.982488630853754,0.008296369609689977,6.0585824909510935
3.047701792031199,0.008163680656927309,5.6851102415965915,3.0542590236135734,0.008076015672952424,5.582177473171342
3.037815045009502,0.00824074368865297,4.74564483531529,3.0916319416447333,0.008113132206477008,4.88267443305278
3.0178475034358474,0.008061976272012385,5.871811303592738,2.9247227670037406,0.008064006160280144,6.704080318149907
2.8362142699253914,0.00809076395399981,7.105525903717611,3.0235316413635167,0.007856188522398822,5.454346510748334
3.0405816183279,0.008568271770932574,6.019870452740978,3.0647947945410796,0.0083773723224016,5.48256554150397
3.058492852982478,0.008147316814544624,5.433338817272788,2.9773942594262968,0.008268301527587719,6.5056072406977075
2.870013466500656,0.008001806904155199,6.507646881929282,2.937479774834409,0.007749153376082231,6.217950844314423
2.9431933852696344,0.008494073239235683,6.303108600291664,3.0890105505039225,0.00808035687643406,5.06854796562273
3.103119848405896,0.008346241405782946,5.803920857017524,3.0620562255336585,0.007863858925566384,5.420838805306086
1.9882361605383883,9.375409306332254e-07,5.623388725441547,1.865007791605015,8.450773878151917e-07,6.093419298764771
3.0917086836988545,0.008444268531633199,5.5680297905197795,3.0411986879894153,0.008322399037424578,5.562314286323798
3.003800002823192,0.007869029356307122,5.537000658096953,3.0869181158532664,0.007933169970805017,5.687132292228247
2.9416866485569164,0.007467506679310261,5.314454834587554,3.062967417579096,0.007606749162843635,5.282089346464967
3.014416658798809,0.008543621954769725,6.039714883882581,3.054380434777075,0.008294477421885924,5.329824651106668
2.986038999231817,0.008335244454253193,6.473968363115934,2.949894281258249,0.008478379016982857,6.329895762084659
3.0202813643901263,0.00816655305544854,6.171441855654331,3.0017569703120324,0.008066478856191994,6.601649863411646
2.990747138297787,0.008269176701858286,6.313072436772417,2.913809926720547,0.007993704392437184,5.854546219740715
3.0935964339605166,0.008151839585386862,5.433126892591244,3.0334812936408637,0.007976376887765027,4.96859260627702
2.993070492779531,0.007928246660854487,6.051428506492039,2.9744749896466876,0.007757451691509288,5.517789458227465
2.97217095739036,0.008501774662474254,6.5123138738323005,3.060501080926188,0.008474042995955085,6.145272729162495
3.0525286079802676,0.00822528012004004,5.923243270117606,3.086202210430483,0.008061827873391214,5.251600018444452
1.9950302594433733,5.392397093820012e-07,5.44893087918705,2.0473692129942074,5.509447893702847e-07,5.179636898500719
3.087697049026178,0.008380713283914628,6.192299424215725,3.1091104637869207,0.008306727599196942,5.611609040335083
2.9949988820373807,0.008469425615081126,5.938692871402679,3.084846860022243,0.00824626751863376,5.585645294482209
3.1029932149701853,0.00820764752650534,5.236869077423806,3.060499268229951,0.008005518642007867,5.352896175879831
3.0531740613181304,0.007924471973982362,4.9892753252552176,2.9992342036000617,0.00786937235818854,5.38181520688902
3.080749023670198,0.007518579728043204,3.8313996819271656,3.051439317065109,0.007480787469023084,4.3970020297303725
3.08086700361081,0.00831027077381191,5.373027661165277,2.9949110214765398,0.008265466042379235,6.053560581607034
2.9932932043292233,0.008226120704580482,5.856070684724995,3.0398950221165824,0.007883129808406756,5.403659286038592
3.0331882415810916,0.00811638491677697,5.559550959154076,3.0432498536962242,0.007803826556128561,4.9873969112016265
3.0282556890955363,0.008173879096767428,5.415447583230869,3.059248086150866,0.008039120904929998,5.105608288306415
3.0736618450901974,0.008012005773558002,5.43502785211965,3.0342412282405657,0.007843601975055226,5.3028832699274275
3.0857057847635856,0.007666713556130107,4.379072826029677,3.0878384414701823,0.007778470711378543,4.425237956291656
3.02463692110868,0.007901524591289608,5.561856682377739,3.018787806194581,0.00798768486068933,5.383658981239436
3.028531644444566,0.008167130787717037,6.259018329880992,3.0292429894028663,0.008265108716420333,5.460065971504675
2.943955611498978,0.007758052941240286,5.756321382582582,2.990289020029449,0.007721476827286647,5.02654393577002
2.902283971682039,0.007926918364675255,6.144667394943934,2.995983892063988,0.007741207761499741,6.031185823944107
1.68900352714281,5.143554020019412e-07,6.578343638663485,1.648262661410518,3.33409019725508e-07,6.7329581571937895
3.0829657514964417,0.008198485389803034,5.6310377199046755,3.035336412964865,0.008112642192251699,5.637147041570613
2.9757752897533836,0.007929415638160334,5.870269167364491,3.014357097770025,0.007512470262347879,4.98965378666263
3.052758797319881,0.007887494903259814,5.408419051548891,2.893223547010619,0.007863940000753878,6.192460679029233
2.9322166358077544,0.007752753747095592,5.663910739074904,2.9363314028838094,0.007541817236808859,5.536036226104817
2.9572439857753587,0.008169472388818117,5.985808755993423,3.110086220513702,0.008197149291917888,5.084982759752797
2.9654808230143734,0.00821056880136261,6.23653934566721,2.946979971896316,0.00778247416631403,5.546263540673613
2.986519047999544,0.008196032534319322,6.424963414162301,3.1334122455627353,0.007978243499288816,5.333047676116886
3.0574418260191454,0.008315857759008874,6.340798177743637,3.03189197854596,0.008138001737906986,5.895483373908279
3.0956275758525855,0.008144135983505194,6.146535009178528,2.990828150791202,0.00799127473118031,5.900682963204123
3.1369422931410185,0.008640155148245041,6.305538426544215,3.163446032329967,0.008566553663426344,6.599511401612431
2.8408477200299167,0.007874752488380682,6.813915552870096,2.939356044016942,0.007696640995130293,5.970609021927364
3.032322511349789,0.008336068866259828,5.867114188942474,3.018151521741938,0.008090593574132844,5.377446701355537
3.0428948342707196,0.008541119012696897,5.392970227854782,3.11448537167028,0.008346976089386058,5.0811469538408325
3.1180764349740233,0.00816113078408753,5.256341564597753,3.0823041323081006,0.008126380031692044,5.1922733333734445
3.0501436709119227,0.007941102070391316,5.527669185789558,2.9629573573779684,0.0077151788713263805,5.792208166379805
3.09476991706489,0.00824591969260846,5.181751055492255,2.9203576968018767,0.007905256211945355,5.724979159784667
3.0505015887464095,0.007944664658332665,5.089162135773546,2.9860416309067737,0.007974697482791924,5.601532543023276
1.8148118936696422,6.517041715675318e-07,6.291545275851157,1.8924579753013144,6.345982162037869e-07,5.892334774021539
2.9398693147528245,0.007766206836451156,6.196257894312625,2.9197920484500735,0.007926227591794469,5.864433101822275
3.032577591577102,0.008166156779732425,6.497764239861128,3.083527989408293,0.008149367192523979,5.756452481950687
2.916806633154718,0.00830481897126809,6.592437378379838,2.9460626452468244,0.00847880989109133,6.903622463619273
3.0711873126663933,0.008240189998628774,5.000032001568361,3.049203252034811,0.00779628910534853,4.854299210501504
3.0527202950338204,0.008206523762163447,6.195755582427152,3.121157755186827,0.00830359869353938,5.294971149362334
2.921630618163727,0.007829565302524743,6.129244954208942,3.0227502402909447,0.007676080950565653,5.482782088244121
3.005439965124644,0.00835878716460794,6.424307512072769,2.9510580273307028,0.00818082395946429,6.195993259509595
3.0294074003163227,0.008074189763076913,5.102787325256053,2.9408772278441093,0.008106717387962446,6.3814726935354615
3.0341362583519995,0.008264473808012486,5.86660556168289,2.9862532705170537,0.008116586551781475,5.608771008378789
2.936826810215409,0.008377237605932453,5.96938684813144,3.053659160623438,0.008112116268087066,5.592796170900046
3.0589372159300634,0.008029427007306997,5.224050058853481,2.998775098564419,0.007948155638726221,5.32878455444864
3.0516766793358583,0.008304754876415552,6.210329185438238,3.123322350945947,0.008065524338439429,5.323670117085697
3.011392542165451,0.008034419517491892,5.480372075316048,3.0760193704206955,0.007926534936416171,5.154366200530658
3.0320876295691965,0.008322483825715252,5.9098201047625425,3.0997918695954088,0.00843402226549055,5.730573569679564
2.971980552886178,0.008580343659735161,6.275843804329728,3.0720857927910172,0.00815712415513343,5.253061557304755
2.9208185482361806,0.008272382114153798,6.179570430093656,3.0165409103252685,0.007886548818126443,5.509520845619673
3.104351372869309,0.008251975667377249,5.41495667025776,2.9461845648391947,0.008079311668089223,6.204049872501205
2.9523688239675216,0.008087957919049628,6.333498435745947,2.9842750339701354,0.007927356045101388,6.582624740547329
2.9705483315241654,0.008395026970316433,5.777551079595017,3.090532782626719,0.008111159378879657,4.810013646796971
3.097242337213635,0.008038309659733855,5.12194566797603,3.1118499961122383,0.007844932498059702,4.953343459224319
3.0431106620896076,0.008424200615135224,5.7482800348245515,3.071462462341522,0.008084004144955323,5.65446423539101
3.0350391595855886,0.008340311110218584,5.790443623043049,3.142602010060883,0.008336904807788599,5.447473040383102
3.09934705651333,0.008223760320166654,5.894756563060523,3.1036265589361562,0.008244759875630794,5.767577868090222
3.0425471924351193,0.00798998801790542,5.8247773174086825,3.030837448680636,0.00788122840924236,5.626572362803932
3.0491539873478013,0.008207847193989131,5.328923450577442,2.938683731334528,0.00759508261041175,5.6424632129285115
1.6606982777941788,4.1496239031263647e-07,6.900456864843837,1.6708168380626978,9.747563011192215e-07,6.616661125584708
3.108222723525919,0.008300108731322708,5.7766474124303295,3.074412687351471,0.00825092107664256,5.179475753179805
2.9665977660825704,0.007707286939536463,5.538085584163388,3.056213990756206,0.007542472195299488,4.762272260580657
2.9161887973979415,0.007867826774563293,6.003971003589062,1.8259579573358096,7.533967672404863e-07,6.127456851102888
2.976365637987596,0.007860774718282794,5.690566423605698,2.932069004001168,0.007730310242005504,5.5511998483808895
2.9425033014276236,0.00840652645397897,6.813485172810004,3.0278610349623385,0.008332607445201451,6.057587264490209
3.0192091707422737,0.008163825205147973,5.762733866008037,2.981569519940871,0.008052652411270157,6.33599093822349
3.011647738488593,0.008469397543418323,6.283497985610469,3.089371319472357,0.008443412809130116,5.227630162365255
2.9745118288733816,0.007997094406831294,5.93867034536131,3.00951248057307,0.00831235925948212,5.978618495270911
3.0252907042404305,0.007860458152590476,5.31330850859146,2.9950400032885462,0.007733948229899601,5.444023904197507
3.0754634327968713,0.008296298720803919,5.768069770884913,3.089770075804572,0.008154568870308097,5.361649350537234
3.1091543468155645,0.008033310970829861,5.04534849287583,3.0583436655934575,0.00807814036850488,5.54753032600252
2.9672998147621525,0.007924531985556796,5.850508938329778,3.0923570541012593,0.007796871657793114,5.030768155467216
3.0333708711238776,0.008126760135873847,6.0306374371344775,3.082200942635496,0.008025659640408347,5.296600071467646
2.902338121085459,0.008156641914855597,6.643203538056482,2.9644975746218805,0.008055279273762579,6.021658638526627
3.09870632894072,0.007919338170919688,5.183307900900901,3.021876524837991,0.008000595492042958,5.936073328249907
3.0415644422353934,0.008380786738265443,5.467576328873967,3.103791670735744,0.008254491310745729,5.201734525394626
3.0339285611066344,0.008449362914012947,6.530039881500339,3.098787810565239,0.008496487475718505,5.92049780560433
3.006819965755052,0.00819676141538637,6.15211878718969,3.094920527858399,0.007908625731484546,5.434149089052043
3.0391820002113237,0.008279871327932184,5.444937327400203,3.0690857236194424,0.008274886897848556,5.1416520415381175
3.1200445845882108,0.008397014923055099,5.942268345140175,3.009646173489574,0.008198543919020274,5.946871112856529
3.0501278291779705,0.008178740142959275,5.185669069291682,3.031471676578227,0.008068151268111497,5.426347787329927
3.0276865744242984,0.008431487611307506,6.024696285676818,3.0953168824322974,0.008162930679446284,5.388238016049852
3.0907767362072844,0.00830537369234669,6.4748802617208066,2.901431401597366,0.008200918048571306,6.710636330775219
3.011736042684272,0.008429567905215306,6.5922250124168364,3.084667576523927,0.008264401992997215,5.022655069760746
3.1049241502480562,0.008591479207640104,5.644156222822167,3.0490641250282344,0.008244503243476172,5.705228321282867
2.9765223708892243,0.008242256144733043,6.351628409951528,3.031307941446959,0.008084644990536776,5.8796872431295615
3.066628293837816,0.008434438580485861,5.158509589154376,3.016779944998913,0.00824217535273017,5.097891048077462
2.988269046550916,0.00780945094749192,5.777262832096784,3.0010261147426496,0.00772741303562895,5.626409673453873
2.9755159446147665,0.008418147372386988,6.434696606423448,2.9117629039772206,0.008157869272122864,6.4854628904277885
2.9966103363224548,0.008283547506747826,5.658479317353405,3.0247649990660546,0.008454484609172681,6.0196016251252935
3.1003798964671243,0.008014169967515751,5.580409171255172,3.097254514826018,0.00790961724663346,5.348395051187942
3.0030829866671227,0.00808850418112832,6.06067079500876,2.9546461512865134,0.008087355562229328,6.364593108866062
2.9666252387998555,0.008203625307907803,5.727511006565671,3.0460790062812757,0.008023735026055901,5.307079299299919
3.0198645571404734,0.007991503073971814,5.035751313746042,3.0630715944396045,0.00777078332776113,4.557044232944902
1.7834590083734632,4.306217113212624e-07,6.169789675111345,1.7577302488331048,4.845737097949781e-07,6.140346447126107
3.006638073412886,0.00847132131627729,6.397614490424167,3.024650083989135,0.008471015417401858,6.0635080294586725
2.9856078944223983,0.008671411101172375,6.698283925575846,2.990924415429081,0.008432967767906927,5.961066200628679
2.8420799363497533,0.008311594158051341,6.518695650697183,2.99936125763195,0.008263931072579637,6.341179718955527
3.0184724944839765,0.008592302470343208,6.342409364497099,3.090166124736192,0.008117616737977016,5.07602680881353
3.1201813403727083,0.008149784640013416,5.351909135795163,3.0475104685947763,0.00800179448253466,5.473071028858582
3.0166111335660304,0.008124756420688205,5.820725164309407,3.1007786701795057,0.008037106566818022,5.924452953551364
2.9895625382133897,0.008611332634894052,6.284745013671391,3.0647395403076843,0.008505953621192837,6.023339880559009
3.050640059789398,0.008118038558938483,5.875931177944265,3.080996418407199,0.008160618214690555,5.80451535085352
3.0285492014007733,0.008259355416177304,5.503483429947107,3.1158356276380266,0.007978947370482744,4.981845498508359
3.0810290368043924,0.008384250483245944,5.52989221976726,2.9661985115788045,0.00832974933510358,6.284429114892909
3.0566287894526774,0.00809296636988087,5.2900448551127175,2.9831100234139614,0.008039041784721767,5.4774471776005935
2.9943299148873472,0.008030678215667861,5.386842452653148,3.0847804568695882,0.00797350046226362,4.906826190408838
2.8485249872587524,0.008096280772302194,6.171723878158867,2.895126062292287,0.008047908628456358,6.359893986658281
2.986147788976026,0.008112126614171598,5.6702626613406535,2.9676610885500794,0.00807932437417502,5.919895985609939
1.931220950611233,7.137112473731184e-07,5.669682652590313,1.8866232775288918,8.829794237603449e-07,5.877289373483263
2.9695164177966853,0.00837561574297932,6.245993976486851,3.015652636263625,0.008228040998206922,5.828475943303011
3.1288626607390673,0.008022424238857366,4.634468159929855,3.1339081660776977,0.00795896340955787,4.499554438964198
2.952733189816584,0.0076401899888675915,5.568212906048975,3.029201079135178,0.007370788184714365,4.531379646014685
2.98615659587019,0.008418984733544393,6.661351117357959,2.9085847113081478,0.008264136655328668,6.2297288121641445
3.0117340076040486,0.00786272636836676,5.259974131467231,3.021417526240964,0.007646770217207081,4.969839694754555
3.031679041477433,0.00790629310012367,5.929481975541462,3.012417733761633,0.008114983910747177,5.675541906879395
3.0227393842840016,0.00812799883895169,5.690730157372923,3.0509483876246932,0.00791903670976206,5.015209284238147
3.044771568039578,0.008339313632605304,6.47742426860232,2.992696844159993,0.008235415223840505,6.573469486888749
3.0178985741421114,0.00866554683614084,6.402217413711233,3.063324589920743,0.008428426417147026,6.001410672381215
3.081626133565743,0.008265483452454212,6.033934108924684,3.046395951835157,0.008163552091685405,6.015137660615565
3.092797600955601,0.008300514222226631,5.879264302732424,3.170744395818014,0.008181039204463008,5.226053563547246
1.7755293139962771,1.1410151506958914e-06,6.3907588621456535,1.83802680381186,9.177852018301359e-07,6.127291990609246
3.046630281323259,0.008370656024311855,5.719686232071798,3.0475011682142457,0.008188903918211974,5.638698732891231
1.7420806355439078,5.235678512538542e-07,6.409415719949872,1.9171624679867199,6.01158980254188e-07,5.632936849574202
3.0431109507664322,0.008261299297088456,5.303855110254532,3.0775284568621446,0.008176029964606873,5.080975538407358
3.117085545251294,0.008754656467546659,6.103064433252871,3.023588425288371,0.008648823912419142,6.018419142076787
2.942757132983579,0.007924400644490159,5.576805481431981,2.983732806155449,0.007825744716139784,5.274403760979837
3.0939059756016762,0.00855397288997804,6.122440133755464,3.0464143151515004,0.008081699526154432,5.75444846331122
3.058687710563793,0.00811815137485452,4.9478954582803585,3.1023521602954722,0.007842033848745893,4.29133799029116
2.8813033784004873,0.00779870859948317,6.7522795012618495,2.9469558316671542,0.007757879827393323,6.17007349835522
1.9394570610772328,5.20026131327024e-07,5.631512830719791,2.070198782291151,6.482771103009243e-07,5.144679823541254
3.0899575526103344,0.008456632087508766,6.009011099449346,3.0743179413713424,0.00839535044047201,5.842682594562599
3.004101527359352,0.00806166505427813,5.797005706505859,2.93018163708067,0.008136996443352588,5.835816442652595
3.0746301813248924,0.007757349821670646,5.2293271590207615,3.085969290405317,0.007778890793452076,4.925634205348237
3.1213119936013705,0.008495001260205188,5.348491788760853,3.0745828675327846,0.008187527920636605,5.219157763585965
1.7738142824996361,7.425761584132972e-07,6.289307432031984,1.7622082670391337,7.938006015081085e-07,6.28288309386222
3.102939042472661,0.00782903159400504,4.795742995528655,2.9771710755139997,0.007994792753526415,5.897121928576017
3.008942423159106,0.008037820535420362,5.516248694866004,3.0452111275251976,0.007949761963778095,5.265979672739938
2.9043299335172654,0.007918640196576723,6.018581614588837,2.909269954957464,0.008010312009255694,6.362987017796429
2.9457472436043823,0.008653765070005641,6.403688140809851,3.0037473975027034,0.008673167422727885,6.414483546786795
3.0908601831974862,0.00846731070307232,5.594279886772932,3.056041005532719,0.00849270425832482,5.9569358270090795
3.02286896148599,0.008516780032437603,6.692407753278351,3.0116862647589673,0.008379581523453876,6.505865452737427
2.986599641996037,0.008663170794796464,6.264919522070937,3.0494159061767183,0.00857770767686088,5.788755760371546
2.824910285465867,0.008298501417123877,6.668900522889895,2.9899856225538377,0.008033743674463856,5.69371614220951
3.0911241295811367,0.008311029443341705,5.2484295365648,3.1043842821703134,0.008200933562349872,5.106631124539369
3.0290923028055095,0.00803982169039405,5.323679395922693,3.053935291419787,0.00802866565077085,5.035633607568754
3.0480333541270435,0.008267365940647694,5.6453194440208705,3.082506543847013,0.008081278974506906,5.289648182632354
3.0276515320734756,0.008353256333323213,5.867159403036525,3.040464155940871,0.008153898251004278,5.616237677554621
2.905791572551322,0.007949486784447754,6.600852464772362,2.8315939050816565,0.007797239529064824,6.654032365223172
2.9859774802198515,0.008328621317122049,5.547381425935038,3.0261018527458283,0.00818973767314762,5.559031731692665
3.0956236793108336,0.00836038103745998,5.410647926152773,3.0440091217193403,0.00825660075812463,5.298935511364953
3.0014864686050964,0.008178535841937881,5.478873474720103,2.958543472100383,0.007853155403776431,5.517635179442399
3.1737787982408863,0.00851576066024032,5.504179901441292,3.109628950252639,0.00816646790042905,5.1873559234089495
2.975683118454091,0.007909044541480718,6.0206376194707705,2.975313046194085,0.007814122751859007,5.683107793278286
3.0925447282471863,0.008535715049904967,5.675522647836073,3.0662927791062247,0.008280330765304272,5.8575990193547485
3.0005879951276233,0.008240262549663924,6.035601951410256,3.0297185699761218,0.008188296868284867,5.774472855827083
3.0315532857259795,0.008365159571719401,5.846209345473538,3.070359540517016,0.0083939513820004,5.831099463961633
3.020758184465238,0.007794109343983749,4.954021081206645,2.8941021431977187,0.007770780117246368,5.760624037562201
3.031450928416069,0.0080503509639186,5.508892749787271,3.070113261515162,0.007978094633508445,4.976624396762871
3.0233358272070676,0.008444418242916947,5.772063884559743,2.963759025951772,0.008195136726544936,5.672918746595009
2.96936780985554,0.0076900639040091276,6.100964772842116,2.983343045025646,0.007584239471082444,5.222295043820215
3.0921217605686824,0.007721393656902869,4.844382070311809,1.9360790323770858,9.477739633855205e-07,5.714988508343716
3.112101455555278,0.008262051331366031,6.086344062784367,3.012835207013704,0.008176278642344997,5.53788869240677
3.065018496942412,0.007994595636767287,5.646660717875338,3.012682168920928,0.007704358430904799,5.260156155989876
3.027180080070416,0.00779036195988559,4.847692945553592,3.0361831455174655,0.007856477837886034,5.049031452650751
3.1294926024615513,0.00810391145125238,4.960251728664866,3.0684807521348376,0.007999889711268832,5.283016472192162
3.0768681867028995,0.008306545388280084,5.918182925688144,3.0162944815913053,0.00805565353948688,5.728112376799038
2.990010868786946,0.007942204717381492,5.702516504874025,3.0825873874302596,0.00787362620407569,5.06773627569889
2.970342683173879,0.008056636579847771,5.852189980313868,2.9897306930491836,0.008003269055830122,5.5719866312706685
3.1084797387046343,0.008146612971021646,5.313773231180853,3.059479596379778,0.008211581774665772,5.829114278920478
3.050111061059366,0.008762786261675974,6.098185685959358,3.0435738632518143,0.008050631070980535,5.541821762662581
3.097329246738803,0.00787192708689557,5.411572417412836,2.9689617117100435,0.007892964280557262,6.1383185295316025
3.051464738561224,0.008511465626003545,6.121907668377616,3.0490566344666123,0.008155758696310978,5.625158187526061
3.038374857977309,0.008031551053108247,5.855657381462715,3.046642074625727,0.007963162659661089,5.62370515396013
3.0010046387072116,0.008168784666319689,6.344719370285956,2.95030472008801,0.008155190919888585,6.807020910109896
2.9827253072872963,0.008044868751254753,5.6427540653064066,2.9606200472726107,0.007832327637864766,5.215917863053612
3.0656091471706293,0.008349601768761187,5.674645114936446,3.028154307336961,0.00835541496683791,5.692904040808243
3.0897325959118067,0.008237468927493873,5.841368980125142,2.9947446200129724,0.0082237400179757,6.054116287956436
3.101427349202133,0.00836604427536952,5.977162185486996,3.0591113726674326,0.008239452556033524,5.696375480286248
2.9788846883969984,0.008153021893611844,6.1330903497049665,3.0890037392119245,0.008385584589867,5.604131799802998
1.5514446540122337,1.6176534986197743e-06,6.880074856950147,1.6774606148306106,5.03559024354458e-07,6.475034104096423
3.1735992448064048,0.008499900914153192,5.073088087733415,3.0482226856037036,0.00798210120967957,5.646864396802038
3.0142128586149664,0.008216328739037233,5.79842697857485,3.008337742346581,0.008203624280517524,5.790948633092387
2.977670538682408,0.007575005163322448,5.124116823257235,2.986278076872456,0.007462292934424727,5.168077146663749
2.910163833974157,0.008074706512330474,6.280171802235935,2.9477941173104387,0.007981263997378096,6.243611693261055
2.9610244440389657,0.00830731316216959,6.307886773610905,2.9469391899518045,0.007995997400089546,6.369711289852109
3.1226861631567013,0.008090406913247715,5.228746916346283,3.120871593530881,0.00794345137090736,4.746914279497458
3.057420385245877,0.007823885087463315,4.912909203209547,3.0992662673605165,0.007784708568685811,4.4363435817964785
2.9827972075392397,0.008486783111328788,6.67501682878979,3.1134250603818323,0.008091118611527053,5.853835743201743
3.027267801544548,0.00814791708851506,5.773946862569027,3.0343840828135527,0.008114526239649611,5.713948331311828
3.075111976137031,0.007762374544496687,4.844105071482824,3.081720728117868,0.0075522477723780936,4.130373909652635
3.069196082781561,0.008031840925984132,5.3047076356629095,2.9055844250292657,0.007708537413461966,5.810760597319545
1.8189649811832065,4.6773491089946984e-07,6.135717866343485,2.0237589965361513,4.657712589100058e-07,5.44775681368299
3.0639691413329917,0.008681750843721251,6.717068629242626,3.087889011982293,0.008709232662287389,6.211057989112144
2.997784850175516,0.008694321800092426,6.06199080369715,3.120781054988246,0.008203795447342092,5.012265761473519
3.0003910301848475,0.00797973102945891,5.987045811431292,2.975965647713937,0.007516856725093808,5.772477104555285
2.9588881461711143,0.007928558217929291,5.85102650129871,2.090508480268897,5.230063370049321e-07,5.180506383687957
3.02208406643828,0.00807854154606122,5.399599483555828,2.9082668239818847,0.008057932327290062,6.009507154791395
2.9809259858070316,0.007964215523738046,6.0080605265616756,2.8882117601332027,0.0077483045624515984,6.2692292470242625
3.0845312981962785,0.00835027911146957,6.121643167197228,2.9346306562111124,0.008063436822710634,6.296832794934509
3.083010880645525,0.008141174855264,4.925117326311226,3.1199754747248565,0.00793892731727045,4.628292085740554
3.003762831617819,0.007947113091654455,6.122485371637097,2.9415135504388985,0.007838061252185904,6.037384243993537
3.0380621495614952,0.00876271313609133,6.009177339652417,2.999228640980822,0.00882574991518836,6.552116901298583
3.0536230064578556,0.008630333114796952,6.104396380179247,3.036054600997948,0.008488818670654843,5.96100267756397
2.9554613501629046,0.007964604327655493,6.335828696459493,3.0643071022763797,0.007686863439665891,4.876682488319604
3.1259184699167504,0.008317079149776951,5.1330565299033495,3.142777403057036,0.008248023376965147,4.6637270086624
1.6895142920360917,6.840788980697379e-07,6.5638393163357724,1.7968749544210068,5.749782839247187e-07,6.119081301163001
3.0039938689569814,0.008573948507967135,6.281945012953936,2.99494948073203,0.008420771454285748,6.638840698253505
2.880450510148413,0.008527615080123277,7.046110345320288,3.100774189501645,0.008238907730718354,5.085332930414752
2.9965434404286775,0.007237403381268716,4.863463619610188,2.9913132225827876,0.007185914525770533,4.945170452712261
3.020818012806762,0.008267565964013504,5.910760990751842,3.1293901384607716,0.008140444495886533,4.8707462639907755
3.0064453427990516,0.008191058118237433,5.706988713509719,2.9634150645142334,0.008115811679159346,5.801851631052653
3.1194174235278878,0.008333569415670946,5.221577515244506,2.9860546953327036,0.008205114993739694,5.6938825236838
3.0407740560572,0.008302824903678618,6.272454826173989,3.0180377880801865,0.008109302080837306,5.637616559736999
3.005891532302904,0.008871794930361204,6.193762703346348,3.0953303136425196,0.008542105098293335,5.826304374310069
2.8130955257846284,0.008107357071237881,6.8788825081287746,2.9682639038489587,0.008050095070786122,6.687704010252254
3.0851052460828763,0.008221990935562912,5.361238914405575,3.1163887723593815,0.008209792461905523,4.696652252778017
2.943104458954468,0.008483689751199508,6.426714123767183,3.0623666159485015,0.008248251474848993,5.720111425651347
2.9560699792491905,0.008288222413036773,5.801702951410485,2.9398094335683647,0.008243267332814138,6.541115879959923
3.083274195723277,0.008201543397245041,5.556709831530652,3.103873903807721,0.007943851504479668,5.034979691171237
3.0990558604090337,0.008336149297444488,4.581556797111895,3.048773045791104,0.008280732877854465,5.454589938207333
3.1213916031823326,0.00825995281746932,5.159647448833803,3.032624063006979,0.008411657834412306,6.023837038828405
3.0918354919273856,0.008268946807318274,6.35212060393044,2.873745514713194,0.0076366389908033554,6.160004404971101
2.9598765823480484,0.008351746131328412,6.674676655483228,3.0165482746159245,0.008313174391947743,5.895115358611806
2.938754257190646,0.008535443724332528,6.869439384817819,2.875599404661297,0.00825733607370976,6.580412402964742
2.984781017391238,0.008260761484978816,6.292558227012334,3.0036637188204223,0.008310389165064602,6.058306366748093
3.0770454407583916,0.008566115055734147,6.659943262112316,3.0125340372252145,0.0082916645208052,5.951105454912535
3.0382891038997566,0.00845602135297552,6.481433271274665,3.0074139146246996,0.008174690174490221,6.006955324855237
3.048587992967551,0.008139993408804969,5.700253465069546,3.045828584598911,0.007831293361573862,4.805646333995022
3.017506454097404,0.00857590549866254,6.528383991384977,3.053673350837316,0.008390827560590605,5.767366988588917
3.0464156600979626,0.008195718256812186,5.659697177085258,3.1324949884285322,0.007819513875603413,4.772197972510891
3.012330909808224,0.008004960901584358,5.450469498507982,2.9280275043993256,0.007801117738855896,5.683195404672138
2.9375467889604976,0.008075329305107987,6.6559056412733675,2.8708596219337217,0.007748577294519854,6.1056202926941125
3.0317608797748163,0.008128189882612932,4.960811185390275,3.0384462888888857,0.008128143395705983,5.19282721891422
2.9870539144762995,0.008018089337358964,5.759825876087037,3.0183470237394228,0.007810696155305329,5.058710350169926
2.980787297285369,0.008029843513762503,5.807862532717679,3.1039471662078135,0.007898146433522612,5.0097820298982425
3.091248699617201,0.008424609262170929,5.807575354175517,3.02633095418616,0.008348189532052042,5.680386817257659
3.023194687495211,0.008542897381073519,6.116247819350992,3.0180251216437837,0.008275387850147274,5.897069636942254
3.008932996883726,0.008362534238041083,6.4618229989923535,3.112964092552703,0.0080448484770804,5.4411779084610306
2.8940945327470735,0.008551451261073156,7.145948805970787,2.9955151558179143,0.008454820836409865,7.002035961336356
3.010218250918414,0.008517968476004981,6.0534367978864925,3.088619903488806,0.008516535190283598,5.559190067113843
3.033895066123791,0.008440048602513442,6.2548569799634075,3.102112497155461,0.00841170879900494,5.556053098887766
2.926664241576823,0.008110892689209023,6.438599784889921,3.0086820883117875,0.008260542485976649,6.2109271937833626
3.0188816571819244,0.008552953118756014,6.231903934759336,3.0804240707384176,0.008462147196403452,5.925684927847064
3.105885858957371,0.008253214507494269,5.299927276598394,3.077638156082294,0.008260457495719452,5.639266219084548
2.954427801280773,0.008327243869217993,6.484171522300688,2.874200625574683,0.008098282144599648,6.748640162864987
3.093689123608875,0.008245255456622354,5.361135255702435,3.03756979794061,0.008180614027239526,5.326755178597679
3.1199924012961953,0.007890444126099917,5.35222876785217,3.0820746991778614,0.0076267285537681105,5.071822145336644
2.9383811949685823,0.008158109228849702,6.115070618168739,3.001518536530395,0.00794742263238524,6.010226304747069
3.0147152437291194,0.008141880274485579,5.351349035937245,3.066736020654981,0.008291614703507831,5.411571639709787
2.954700598195707,0.007644859914680613,5.601732921028746,2.9023339405329303,0.007461424709300754,6.086072907274374
3.0921004769347205,0.008296393979706478,5.8783609575251,3.0610012519442416,0.008290441419162221,6.375059943807564
3.0185284045415246,0.008323494076448081,5.606376812785631,2.9277213047152046,0.00824643494560503,5.450613264022307
2.926068070649144,0.007565213793626086,6.216214275358848,2.9439063056557733,0.007447337183416103,5.779525387546535
1.7564973178997343,9.368676719798437e-07,6.438576807077774,2.049158139388111,9.952004482676247e-07,5.19678917431106
2.918013298576269,0.008155466036067992,6.218764825396603,3.1072647068171424,0.007979995666815518,5.058166594700927
3.0497877669443687,0.008293445365693848,6.318689040946903,3.0231452937989416,0.008129083005495006,5.6983443647238134
3.0051081035288023,0.008234364101680196,5.981222269037587,2.9897249822047334,0.008198346187804427,5.909030657039521
2.9347573352854184,0.008072361410999896,6.144354733383882,3.0205301878546935,0.007748137575409892,5.363136369515871
3.036396162111683,0.008221154677717878,5.563759754063441,2.9925831805198833,0.00793791931050837,5.459326022051721
3.026341503755346,0.008316250076597014,6.054055326574949,3.031895743851699,0.00814665303946314,5.83332600738491
3.089732743076966,0.008216786234543614,5.364083010399797,2.9269088150764455,0.007724926778871892,5.747777514324555
3.0419453291542395,0.0080603509804207,5.281856363174765,3.023255774874772,0.00819171986762152,5.89293475098322
1.8496643601316962,3.220990959149249e-07,6.070216507218813,1.9787769710041623,3.526317250536006e-07,5.504388332281544
1.8659897523921691,4.965892166792451e-07,6.0502522034005475,1.8943546948072651,5.419794140111736e-07,5.907635143151376
3.1163557886784665,0.007782237743560932,4.765158187468901,3.0673852900562713,0.00771650822319113,5.1550716943824435
2.9827999634738465,0.008056286976543888,5.739899526614247,3.0060702924224447,0.0079772311308743,5.736947943754631
1.701827589374068,6.661796078804046e-07,6.497925792596542,1.8859408920063565,6.011196294793521e-07,5.722891895987756
2.951729528668645,0.007998207091135264,6.152627536991061,3.1093055430490137,0.008095199651873166,5.382812920090952
3.0523575595940824,0.008580445885652651,5.651392456578667,3.0687194015803714,0.008343740555892128,5.745464127893771
2.988166037176332,0.008230328862173023,6.219465943977148,2.9651871135093124,0.007989797316154037,5.968539197053968
3.0541286060903126,0.008198305012221335,5.961189331670952,3.072125901830945,0.008437846562304693,6.306408530296669
3.0352665914083365,0.007929807060004674,4.855103318617882,3.015132296756056,0.007791610769922325,5.522058321955156
2.852334855027502,0.008231368874742897,6.669466331222658,3.038153269608573,0.008168586004665258,6.250252023469936
3.044083557798448,0.008389767006596396,6.287603512740725,2.986930909333715,0.008060993922354244,5.688936487297121
2.9711110449192066,0.008228907355147641,5.021852409101644,3.0685974193679657,0.008097095193735032,4.712819257460698
3.031883607864402,0.008030366274064484,5.338449835642318,3.0975260448419815,0.007991971828535931,5.3677463055942445
2.987480000857708,0.008234527147779261,6.505965745021645,3.010414557815621,0.008009914836407204,5.7997428993249045
2.924017506815086,0.008747153349324069,6.9242017814623225,3.0312711199851305,0.008449290289241787,5.963507206926552
3.0046600231510583,0.008626038277034334,6.33125628997034,3.0729091256284256,0.008474113134861318,5.624525188217929
3.101776655097631,0.00836375132594189,6.032199092010494,3.08384612807805,0.007903623362067659,5.22247822085905
3.0912936677727783,0.007719920965431864,4.7408329950225765,3.0704844060717598,0.007812943404051715,5.164659706148821
3.057425734262843,0.008126325835328562,5.7347453922858875,3.104308289790975,0.007995125525787497,5.385768073580186
2.999094938055921,0.00814711435666101,5.626803808774896,3.0494153244207065,0.008009643427472384,5.7391324494546465
2.972223940410718,0.008047114087375379,6.103192817425312,2.9093276779854658,0.008027722704892791,6.323714480473714
2.9540355661756177,0.00838202665660851,6.02854797462164,3.060107015482174,0.008195828213622124,5.434804019262552
2.9734595379494193,0.00813590521132549,6.140168780750922,3.041579740030282,0.008060825972319784,5.588086321808878
3.1222754724414257,0.008388788819866348,5.474709822421578,3.1446564706678055,0.007963210908769084,4.347579467548809
2.9984714828081263,0.008256160776916753,6.073291924314651,2.9824605569239018,0.008249506531867503,5.83990744828234
3.0189677527431114,0.008209035457296458,5.73514403841938,3.0183261686797684,0.007892847111877132,5.057460420764526
2.9928757365571643,0.008042023911429146,6.128369869933113,3.066130719189806,0.00781694874270159,4.963374654361957
3.0251569407023746,0.007791785942036203,5.638148754037793,2.9812258714163726,0.007811668955583917,6.3539632480441055
3.0602809392243815,0.008391649111362575,6.549759789014696,3.0734889785287143,0.008229921599681393,5.662633836460703
3.1244947551413995,0.008191361420373269,5.149045956772795,3.106847694051421,0.00823298276526769,5.874805210279632
3.0490344415221458,0.008205545860854402,5.524016355147643,3.04334130791918,0.008201949396992118,5.569267248336302
3.01926402491506,0.007609839942177501,5.421633051274166,3.037405868129367,0.0075121613683074686,5.159833833760663
1.7875026454911631,9.280072166280227e-07,6.185232276289082,1.7346405196250778,8.713016512456904e-07,6.378494958822062
2.9918361419871875,0.008031370334051966,6.05752517088858,3.017183245770349,0.007876104787039227,5.553024425932533
3.0196766148584633,0.00833140858590928,6.189255244931682,2.9685250738843014,0.008327871867546598,6.670462299447599
3.0138655828660768,0.008334654884983157,6.676175753609984,2.9781285951432634,0.008287900880021421,6.558320974468865
2.989391240764242,0.00846519834676694,6.338641048222622,2.943999222912077,0.00831506230313357,6.414479403657564
3.0186038414018856,0.00822369688925641,6.151610960685268,3.025071514141806,0.008175254498705925,5.782493729302163
3.0103556030511047,0.008356989871750733,6.30591127632222,3.0567957331450852,0.007972820260767432,5.677601643818762
2.9377119276685484,0.008324078835822825,6.543801666968488,3.0541734021990483,0.00827146386340066,6.2559996061559
2.92162651117963,0.007957498796759725,6.207175814410557,3.033840133208973,0.007733760658142502,5.674135143029576
2.8888358451263523,0.008633828123912689,6.822769294845359,3.0035339326550705,0.008324986402284571,6.323986928540353
2.910160403400189,0.008392517431557528,6.903140180949928,2.946162926462932,0.008301632389447868,6.5307677908761566
2.9966106883488894,0.008242952161811673,6.337113893564774,2.9677417822877623,0.00827091024886607,6.553258745617613
3.0554945859627183,0.008240058632120182,5.654719989421091,3.146812910662748,0.007987280234635009,4.6530216069762576
2.976706006215431,0.008285437341314842,6.216859862233363,3.0567094004882702,0.008100894545057392,5.652522435430723
3.030989281240406,0.008136420314584546,5.3533665743413374,3.005647564763618,0.00792627746229371,5.247977274596984
2.9870477252735474,0.007972752853694334,5.814201042104306,2.967676048783267,0.008123212928403121,6.105736510123571
3.080139044716634,0.008303303636661388,5.817941455545569,3.0561588216362257,0.00811755098588785,5.665657267521638
3.011781652743829,0.008309323072374074,5.512056744079803,3.0189956006927328,0.00806034519246872,5.316757930690648
1.956285224340024,3.7133155687283734e-07,5.599676178790089,1.8261593895114199,4.557627438549329e-07,5.962273686494616
2.9764812240247682,0.00846250838274569,6.868497353292158,2.9015988700291424,0.008317382647366584,7.083084400218069
2.024083900832776,8.575863193301894e-07,5.470750527619801,2.879748225941511,0.007562646921135193,5.777918537881472
3.074641130825703,0.007895315448661957,4.815552654620589,3.1303004740879774,0.007580527362036301,4.263948206911928
2.980028402534389,0.00831989235302676,6.40883769932839,3.095556552236102,0.008125385612644722,5.307084207722315
2.953123238625211,0.008685923090081307,7.306446633602277,3.0704145680636072,0.008359920326179894,5.761313073953697
2.9917470491746423,0.007575105720257407,5.285956312170685,3.0247416465421217,0.007469148431442255,5.009805187790598
3.0250012228518752,0.008268553846846214,5.511172478814259,3.030325415845134,0.008307357074154061,5.489953801268547
2.911540501226334,0.008123632082706753,6.555928909025865,3.0170390259127022,0.007821354718355288,5.1429504913254265
3.0482234178857173,0.008141934699412327,5.525755261774149,3.0742670736799136,0.008147466041358941,5.463354511863034
3.0368201520779774,0.00832734963311932,6.3668046231337065,3.104770198692278,0.008282063209054204,6.105379684683552
3.003274832841052,0.008555136040133042,6.198898314583735,3.0016327480654152,0.008602925318925859,6.399421923813978
2.9562667433229595,0.008140355553119902,5.406948029129838,2.976589174218497,0.007846612367361984,5.399022725057201
3.03284027188036,0.008079564771173445,5.764604610807601,3.117850741559558,0.007842549658908442,4.901633678541043
3.018674053376626,0.008031417097696534,5.443327953593334,3.100664275481961,0.007930255688360255,4.735418903112782
3.01857867772004,0.008306040662763015,5.99352605776794,3.094754182854457,0.008113556787570626,5.3727700879575995
2.933195799070927,0.008030084206620478,6.248432664806957,3.055300962497676,0.008222382520852091,5.549453958103968
3.0780593745314357,0.008364577902522959,5.401171378899027,2.971972039614769,0.008109885289113631,6.011561156045249
3.0921843977330687,0.008515770837008493,6.28186066416464,3.0583495715299684,0.008225739939500104,5.7069546872976025
3.090192023354105,0.008275442710836352,5.374047242241751,3.0663545385722104,0.008644057832246763,5.5486344322339125
3.051776104560206,0.008251615903496672,5.305294407680918,2.991904710508682,0.008036280733111101,5.49258346580157
3.043354338999322,0.008258156112586864,5.694895031800542,3.0703170068200425,0.008260492487200129,5.311416752390936
3.019899625873112,0.008464074505937976,5.84219522008592,2.961907068313897,0.008418613995775072,6.244718210850005
3.0795167862151605,0.00851792623532719,6.249826063485271,3.0541438593984997,0.008349766957180912,6.05825070147984
2.929814011655653,0.007928126509269237,6.250444195859496,2.8974348246582373,0.007748060230261766,5.964093345124565
3.0300849176247446,0.008068972519533884,5.650545921773184,3.0618781869876255,0.008112059367513707,5.340582500623525
2.9820918498471416,0.007871490004815993,5.981653369612117,2.977417460726204,0.007710454587456753,5.253026379277874
2.9761392932543993,0.007949270767978972,5.537516775693615,3.0763124256581387,0.007654679113334887,4.603353832546008
2.9551214790459435,0.007881698717816892,5.396505743005414,3.0165952450678226,0.007676125275593851,5.626873918638238
3.0340486699611864,0.008277355058966384,6.29998008162269,3.0863797614584496,0.008076294496359875,4.874049211871474
3.0827012961868707,0.008245444396337927,6.191943743547208,3.0756029379389047,0.008232815266902949,5.3399561122259875
2.9394662732615924,0.008069478927732939,6.667051170734018,2.966236815730608,0.008160079749876748,6.218898579621202
1.7945096783342287,6.25918229767735e-07,6.244568102514587,1.7651394505149747,1.0764183956686767e-06,6.394442711841017
2.904398658129937,0.008029164331932915,6.880902047638726,2.9820551551041,0.007817021691959528,6.024497166334584
3.049862244301024,0.008148517934500232,5.603402187753607,3.0206968811738997,0.007824645011179087,4.8662459710194685
1.8495712033971663,6.211646221358267e-07,6.109379185904731,1.8982177404666418,1.058257722875253e-06,5.823261208950066
3.068404195914074,0.008216202761459023,5.56360311293789,3.07745733590628,0.00786950734928831,5.088279209098983
3.032901771677432,0.008081751575370057,6.135755073638108,2.970838582191127,0.007819477051214604,5.822061454506299
3.0847963785626407,0.008250037830295409,5.680200873041492,3.0593630753809142,0.008081414969850749,5.545548533293927
2.9402759512152583,0.00820926213821645,6.344787862993106,2.9963921096465436,0.008127247296142523,5.580146919750184
2.993783797005462,0.008182867557016095,6.187554106060058,3.092525418543148,0.008244441147255577,5.453856502794052
2.9559724035692545,0.008428939333030063,6.0778242953043335,2.958328693441123,0.008146540969316489,6.0787635350566
3.072110151614967,0.008186169064853692,4.855474427996808,3.021621035347434,0.008015704644895448,5.346905348186827
2.9862004808354374,0.00839909171619588,6.009585287700679,2.9938692529650175,0.008015532708090358,5.6819272697648735
3.073887007248368,0.008267681908496631,5.301964936829544,3.063209445446823,0.008170571226454633,5.174228663842819
3.179566072282973,0.008364965240620992,5.200276529643227,3.1096589063870717,0.008333088127811914,5.478562219146389
3.051973890684305,0.008550885984305678,6.275534837950642,3.0510193079168735,0.008229511723598733,5.430325764257431
3.0299401047806658,0.008472721302386946,5.576811246773923,3.0209589665148973,0.008005042860354769,5.288764718169714
3.1082163117691115,0.008092698746554976,5.096575388137942,3.068105122106574,0.008060436146561888,4.957664072210337
3.060768816945848,0.008354306539275868,6.215822749252622,3.1726773626605107,0.008238400581369704,5.006614911301221
3.0353904037298234,0.008150675838222238,6.077421375357065,3.0760562665520235,0.008219068891665507,5.509016461017037
3.0836454800019153,0.008260335051336602,5.148964476640244,3.069052272364463,0.008152795468138048,4.973528166988844
2.9297230624047943,0.00799437313531641,5.8764121083028265,2.99902030915088,0.007671514838198178,4.592898971961608
3.1167273296524876,0.008554517030280184,5.46806551730023,3.115511172677551,0.008213549877352774,5.236596376953686
2.988664853290052,0.007724261007526291,4.983600702506528,2.9632206881472776,0.00775764973478471,5.430272957658148
1.4882057180665453,6.476428154115037e-07,7.307958729814103,2.865359168114269,0.0076186813924056145,6.2004006665553915
2.995650919577648,0.008367107412923883,5.966177926655016,2.9700365250626453,0.008297561647056773,5.841881272501782
2.95945820890708,0.007412577498084837,5.859775994264521,2.868856630119036,0.007418186365430608,6.257984309161497
3.0795855909997485,0.008135897604454876,5.74985355093159,3.0721547341801974,0.008121444340547944,5.933464430608637
2.9831884222028853,0.008625073635566041,6.740710885808364,2.9469230346117037,0.008386620514075616,6.991123665808994
2.8416440870444735,0.008121463050664246,6.573663286687439,3.027887952319146,0.007972039544039753,5.695777319238426
3.04166801717889,0.008232718646305,6.087189047712138,2.9636753157797022,0.007831364253281937,5.884341202284022
2.995622655223312,0.007712021305437721,5.575888765030597,2.9402705583124926,0.007626711594401238,5.71177152312874
3.0670186804322093,0.007926827161855644,5.739151622401206,3.0090560775577933,0.00785950084299453,5.813469923545451
3.0895357991412213,0.008574303747250878,6.1790843042434265,3.0064830081096536,0.008402630634174037,5.891659365905996
3.041831497753154,0.008385542065465374,5.885133196093693,3.0810565059713477,0.008090894594338153,5.040567993657053
2.922471887546354,0.007962027689770359,6.030541014064984,2.985745944256471,0.007665021588515044,5.395112988775918
3.0161782098178325,0.008233734415176787,6.010745756239222,3.0603023433252683,0.007979829756662588,5.479511523758404
3.0541944683909263,0.007791189684805848,4.885881148095953,3.0611876083750245,0.008034175992870504,5.0186792433656136
3.013320675799511,0.00813979857958815,5.968686329244958,3.0444163016614647,0.007850446645066407,5.112917305918792
2.988843424167743,0.008084372894823954,6.006053528339977,3.0010414922894686,0.007953462504640936,5.715003921389416
3.1139531612319358,0.008395249579937423,5.486636018303905,3.0597263360036084,0.008293933136399326,5.399996304992824
3.027207091263213,0.008277402239384167,6.220558138588019,3.0640989804049377,0.007677540123332223,5.07414604598882
2.9491087315566804,0.008348824196593073,6.424479076317012,2.944459319266536,0.008170664172705315,6.0420354968207866
3.045828201209474,0.007818387527128077,5.310734523034674,3.033553248203675,0.0077072271278766525,5.003352622872716
2.9287304453077656,0.007891527902375331,6.26388209981468,2.903661411764925,0.007821950925005115,6.169759707489017
2.994492877006449,0.0083324237106482,6.331622028348471,3.105816880190728,0.008486026612892794,5.630802847685573
2.985754602863845,0.00803616482684355,6.175346372142066,3.001065641358526,0.007848904282483757,5.797508171607699
2.9983491146326253,0.007987517588258304,6.224840183156422,2.2041294199764256,4.0409472352538526e-07,4.848101804001427
3.053400477867483,0.008105578970262022,5.419989313230046,2.9421360349638572,0.007993486299973748,6.498241853950088
2.9839157925053814,0.008144132739967896,5.9483370030939495,3.0319337015956735,0.007897590607595146,5.547177673099971
2.9629226021060564,0.008484308444573568,6.46626956840961,3.057634208531076,0.008134091114106904,5.792879115703238
3.007766062812699,0.008289511917231856,5.973878306444307,3.0384201108821864,0.008000216974088923,5.049993075424598
3.0352562522233653,0.007976024851084201,5.397938809137044,2.986365231752436,0.0077737513192831335,5.142503423028716
3.032776087815919,0.008068893897950746,5.2903442377916425,3.065457188951352,0.007937647686282188,5.215547903390565
3.0505624769075093,0.008467765865288763,5.807827463266854,2.9913380955159443,0.008284230233335976,5.954424750624125
3.0915815871110084,0.008147895819903543,4.971270766896349,2.9901384822877284,0.00794286406669605,5.2988460666747415
3.001526315013799,0.008405421743751924,5.842823293075232,3.0377392291104144,0.008170607537389707,5.208619567686975
2.9569450496411234,0.008512127526295299,6.490109338026341,3.025495129638825,0.008138731847173933,5.862217847652553
3.056703232920629,0.007981198682680601,5.487661875293328,2.9958802172107193,0.007933410362771603,5.530127344942743
2.9861451467470768,0.00813234794305318,6.107214053028323,3.0014668090386434,0.007978938615666347,5.801994503767713
3.00472159701515,0.008160874914068144,5.218596446371168,3.0646821533984614,0.008048397240591993,5.271121902186756
3.019155187335138,0.007775452670893181,5.758978276943808,2.9933149636941616,0.00796011055859269,5.721674562806607
2.9534722956214283,0.008815535701675002,7.602023027773598,3.020658961579122,0.00837991086675774,6.627261906351487
3.053288083239846,0.008225068220737774,5.5333312536171135,3.0879140716428157,0.008115205078021298,5.702419435984707
2.995624723720156,0.008575549347394056,6.232086634249223,3.024377915959291,0.008264252845630943,5.88056312199
2.9459032663959075,0.008534231337247273,7.059336438011454,3.0000537002181886,0.008643113940964368,6.833415709060766
2.936305521866821,0.008516204009618307,5.5034532417988125,3.0405007544592397,0.008385119536832634,5.625640468171899
2.998640296675428,0.008517367766460312,6.5239517618684735,2.9998493415775043,0.008329725197776878,5.626200238062821
3.108159280082289,0.008076849132633792,5.685954572219776,2.9976313407391784,0.007754442575147219,5.540902876041347
3.0322221561709424,0.00807802110393395,5.442918884622701,3.1119019494328466,0.007910692643141369,4.662171676980822
3.0760387739658333,0.008512923456751057,6.671802606799819,3.139667942696542,0.00832897665260326,6.068178994376334
2.951432697695008,0.008174497504142824,6.283975252950977,3.0553699010355384,0.008074464621899312,5.787300437159191
3.134931024608123,0.008249617295035108,5.452823113200937,3.104198170220339,0.008046746111319534,5.3688052593555575
3.04503243893334,0.008430423875408722,6.219037283904474,3.0705229595883794,0.008315412641707808,4.999640875059355
2.9537009785885378,0.007775446990638617,6.048804919436106,2.9184262489793884,0.007859045893376914,6.6507527514291125
3.067165531540191,0.008406474868599944,6.023367215556356,2.9968335162365705,0.008251812965535371,5.858867057488993
3.015198081158878,0.008163419187334986,5.824754105145239,2.9295855566296005,0.008018840324374412,5.294639017091205
3.0598648288962282,0.008457023445993403,5.809305427135816,2.9974762987538206,0.008501889052210563,6.100350774535746
2.993642379811531,0.008191150995922635,5.964571155197763,3.0711646717143637,0.008277118577804462,5.672033386661834
2.967372750463232,0.00867320116818327,6.613139295305222,3.1504875642297634,0.008297770810064744,5.415620760037632
2.8868238352939146,0.008167940131954486,6.819875680016075,2.968574594703525,0.008046000224825817,6.142256478933079
3.114502873733323,0.0076526930936872024,4.44604731219495,3.0745124827696033,0.007861250418230575,4.596437593516797
3.098260915128937,0.008397696704958716,5.5666346371811075,3.073000285243078,0.008166647396397338,5.3951929038837845
3.1136786182133545,0.007946284601232874,4.57310758110642,3.048123793617237,0.007831540358608105,4.956249592186936
3.045361615840991,0.007726688038758545,5.33881517262671,3.0816376085213495,0.007935914906224022,5.409288977031091
3.154049088416255,0.00809459177072696,4.803438795851995,3.0664346567233083,0.008060238545692421,5.234740760268564
3.1536061279434575,0.007995778173559096,4.585642093337577,3.122198262542213,0.00778921230505075,4.444910680325414
3.0713685685138934,0.00799253299970172,5.156412923390384,3.09826800233297,0.008008814086511138,4.961385626567586
3.032292876080075,0.008567124678255444,5.922030852274769,3.0679028259126415,0.008393279827864863,5.543148235054917
3.071190710846058,0.00872000517094183,5.935433030951995,3.080945982590561,0.008487314980615276,5.8981070493385594
3.0266651638124413,0.0082557288038973,5.591751619539108,3.1037381938060906,0.008173455693144325,5.127319218164231
3.0544959183497356,0.008860427407528473,6.698952734010789,3.097863634517582,0.008763918106023288,6.021705786586875
3.039874959280902,0.008138141877331261,5.733926591212543,3.093246513566805,0.008073495520773202,5.4811997870806355
2.8877459821707214,0.007718609869231007,6.414276180174256,2.9223692598784803,0.0078126506135364,6.264263227123638
3.020782875461311,0.008283972819600369,6.344112250264984,3.100216618411203,0.00782957962312426,5.194502712921816
3.0377393679716693,0.008476098091166515,6.108426737614597,3.0608420933033225,0.008326728768151603,5.81703011264637
2.910177656305761,0.007713859299531177,5.774143962112572,2.995304959841716,0.007534197054102181,5.391080503789901
2.997159197870105,0.00805665392769668,5.858037215313583,3.0119779532878974,0.007749163032094032,5.29165558659155
3.057558412471934,0.007859330180318962,5.522829590355819,3.0299553056898136,0.007850976880030574,5.7551985083279815
3.1020821215519114,0.009060348898246195,7.171674444077244,3.0810618671968526,0.008576098619553866,5.575605873934136
3.0060907107441417,0.008379267094819773,6.291103784664511,3.033176744069743,0.008248903938472692,5.945202539733478
3.04864194623823,0.008739440327111827,6.259791372546618,2.989451181849363,0.008498456901631295,6.048426624614884
3.044358719232892,0.00799429098685507,4.775496727580249,3.041859482397852,0.007868587502999725,5.550802712873065
2.895301299411419,0.007276896943054775,5.464885265477145,2.9432979612354258,0.007299528200863471,5.02330386545056
3.0418493423921324,0.008250834641923013,5.613550361677581,3.0067794453641437,0.007828377861111116,5.667513083752017
3.0460976520809613,0.007856189290509259,5.561167501934281,3.0052024136722806,0.007785391597982247,5.199875758536968
2.9844915219084895,0.007870058609661855,5.468351877816795,2.983223375830069,0.007920284479677934,5.546121408806679
2.924490325011306,0.007923298501048883,6.386328311961529,2.9505399237482095,0.007859962212514867,6.219811677985829
1.5650678502406439,5.4795339079135e-07,7.06685999181063,3.0067471597465536,0.008099283043846817,6.1034431777315055
2.9586115822471997,0.008433897167932997,6.352331770298323,3.0809784860823854,0.00824141866655888,5.6481065187911925
2.9653189340774704,0.007668797352349415,6.268428759552736,3.0491774608823023,0.007998965417826813,5.677800258508997
3.089267732554303,0.008137937455529426,5.392084359207188,2.977488088545832,0.008137446144702971,5.846185760978406
3.058741182050807,0.008622904070430058,6.287699493415738,3.08902037070108,0.008470384913425274,6.170646658161731
3.017547869475118,0.008310921660736105,6.141661529552233,3.068990054947062,0.007878068549085501,5.314228477287517
2.930554141576233,0.007555878608494817,4.946260983971321,2.9786346768980576,0.007822934599494215,5.309520101437011
3.119566600970246,0.007932129370797857,4.67208920197955,3.051756253941402,0.007906845686656299,4.941051111347083
3.0387405770787264,0.007989932151951077,5.1514431609874,3.14544909283484,0.007727072279266625,4.105991914855156
3.0261968640998127,0.008299883356494384,6.274462668933693,3.1479191362415175,0.008478414842997023,5.262399937538857
3.02810564594224,0.008442798485215935,5.853431884592154,3.079624758667129,0.00828972499114688,5.8248827874636895
2.9582456284801513,0.008309907176336832,6.546540901742666,3.025826144691698,0.008106869834921083,5.951234296710486
3.065410495701065,0.007997048364263,5.119738667663323,3.059359927152017,0.007961683757470897,5.695348507617619
1.6073358948195917,7.299053243538177e-07,6.836648636101005,1.8775440308856757,7.498526161853775e-07,5.903095538307672
3.100425700190035,0.008830488945657772,6.403840743617867,3.0071796868812433,0.00851203372994096,6.030618850107734
2.9733043378256907,0.007823300733870536,6.097270104157956,2.7566092864674734,0.007620234559134848,7.480750178961197
3.096122287182946,0.007829765401622732,4.935922694481179,3.117474397361659,0.007697364412930034,4.323166808511721
2.945284518349381,0.008352308004948078,6.519423826207314,3.0493238330543475,0.008102755213886158,5.642686492389899
3.046478478727199,0.008111985682849428,5.286346215264735,3.147300514892259,0.007934814582540486,4.422964319995493
2.980172018144735,0.007786751053183405,6.191568571568795,2.985170015949647,0.007862579753374257,6.039979540468877
3.0893307859311765,0.007926682967944427,5.0204374926778055,3.0698661500578144,0.007602746044841021,4.491065741628876
3.0147950440603766,0.008251033000391367,5.856550417842703,3.024989541093343,0.008132251213347902,5.919958274493591
2.9880940620777032,0.007850804702805025,5.646079790441603,2.954918867564671,0.007654649490838333,5.5698283564398645
3.0834462149297686,0.008023148109855134,5.602524146854153,2.9546772790835387,0.007921592484851652,6.258048985918558
1.87579195229437,4.097677731765917e-07,5.882637890424698,1.7909073460065565,1.0143826194998648e-06,6.295160816897601
3.058628077961739,0.0086142969071898,5.778793512816097,3.122553202709782,0.008691452572896987,5.372274712190289
3.0369265896808635,0.008509481829184838,5.948402937203883,3.0625580932913943,0.008378740535150284,5.850699200937993
2.9824186771359225,0.008123431554508202,5.763924236256557,3.0125537371774174,0.007963085369034777,5.590664533122867
2.874988869969541,0.00838265360945598,6.131904706602583,2.9940142837477004,0.008048770962169084,5.218371040462599
3.0462322866772666,0.007935784930395201,5.2235426576090385,3.080732828607341,0.007726224559047018,4.725454521408047
3.0222414149675316,0.00820693850502588,5.606795785673823,3.0807378292406735,0.008229551017163668,5.381209052374883
2.9927440020096645,0.0082692698637466,6.307011436682159,3.0123999987545527,0.00796547783513749,5.747703154220599
3.0331569030540875,0.008461710600284712,5.539428629323429,3.049040961113875,0.008379088743989108,5.9463580059994054
3.121336452509704,0.008011661637243315,4.941399888217443,3.074046389066035,0.0077333883133099785,4.539142886948746
3.0689354617829254,0.00822663017270835,5.707185066561135,2.953158558267954,0.008249885841602722,6.309169022630333
2.9245724695118187,0.008667435120727212,7.245346057198282,3.0498125838872796,0.00852016194122972,6.156544064182182
2.992021176095331,0.008327908584677949,6.38723015877848,3.068931397910713,0.00810574979540235,5.774721870608861
2.9239671033909835,0.008549895623157307,5.938463652299426,2.96170417641025,0.008140338114010449,6.358899830375196
3.062971514780976,0.00844857982913998,6.433637233379848,2.9800806990914532,0.008133724668113665,6.608488574835399
3.00579596389199,0.007751671382008509,4.531640292743306,3.1324421285849615,0.007635043936138403,4.0431881689209295
3.005607287516021,0.008367260558814898,6.1544272639118764,3.03465502324961,0.008173145979220035,5.538208859307406
2.9532679334266922,0.007961183554699176,5.173947428144861,3.041819920109053,0.008136526635646346,5.378719156388264
3.1114734172773675,0.008491377390137852,5.601397828197516,3.1215328426684774,0.008309362066017,5.532673215114083
3.0624650059832286,0.00857767035816384,6.320692866027609,3.036981170053418,0.008375029380431179,5.598062418595936
3.105769403693909,0.00819759362808569,5.108023355693592,3.001345421621241,0.008090935077158974,5.552495147774592
3.094314063610619,0.008106363256142906,5.751018163539251,2.8725751408635034,0.008033145423186281,6.551183354770611
3.082636767629881,0.008148473415022997,5.539225462516781,3.196503911134186,0.007820300479359896,4.2628479276556694
2.912070297506281,0.007892894572786453,5.877313016281484,2.9724528552375418,0.007549829885905807,5.322328870966248
2.998985937356863,0.008540341580548132,6.149191321204434,3.06259650156799,0.008244785577702779,6.17872475335617
3.0596268216907228,0.008130273453881844,5.1858584150649625,3.0384755307449955,0.00806689360492428,5.346160854799324
3.0717489397023963,0.008057590208372436,5.53848470470199,3.052245752949533,0.007986187123894664,5.537132212071031
3.050973616924151,0.008229518880869084,5.607088031722558,3.090343442965956,0.008188760397912165,5.468077518233363
3.0235541045602736,0.008649205978171107,5.974142273238572,2.9989157300569387,0.008197425280567662,6.107235720157036
3.0531333506222227,0.008372566750245504,5.663569345171226,3.0016443556126093,0.008192059778751534,5.71716170359848
3.060645270379732,0.008805162272383663,6.843045305557987,3.069216806321791,0.008516869426836961,6.17969681618076
3.134346681062449,0.007685928232673397,4.469950019505978,3.079907907940025,0.007443200575645308,4.458519991154576
2.8770754159232954,0.00747491804453428,6.573539396119112,2.8884535106560474,0.007352970261569765,6.059988289272349
3.063115690620192,0.008275272043325864,6.020760574106258,3.0988822625994743,0.008012210096142409,4.886798975607606
3.032417846880592,0.00799080818316236,4.929277427100034,3.1276100232334056,0.007797201944376674,4.011489236393447
2.9676397054287733,0.008087715456533523,5.937417496885637,3.086175930901212,0.00799145928261054,5.4325730322399135
2.9620556473644655,0.008822773643829222,6.6637570083159465,3.0186317788590094,0.008625369222134756,6.310216837373117
3.127285074576835,0.008659410361088344,5.9829438875915,3.0437102297237546,0.008523205293020183,5.974899216583966
3.021728477365207,0.008136764109452015,6.058002608463667,3.031854351835606,0.008035183441531847,6.134479499515353
2.9656807088861914,0.0075768189558314495,5.5577471096855975,2.9999860209410922,0.007530038662420811,5.264144149510047
3.1358577337083444,0.008069547316193571,4.895040206998238,3.090941701100341,0.007883712455226361,4.664175988901552
3.034495618524632,0.008151197809179885,6.0025426595957585,3.0486588634916547,0.008016710621146126,5.362887844670328
3.0823300714092188,0.007871461013027688,5.3026106370699715,3.0611159636145513,0.007407198251094368,4.684885210468025
1.7491284830605938,1.011361740143552e-06,6.368324931971645,1.7917153540349366,9.335341206468993e-07,6.218884590068621
3.0850293603974737,0.008311782915883748,6.203197597364274,3.053289561628074,0.008152734954318697,6.1237199497030605
2.9026057516674717,0.007857017575890652,6.063039033715989,2.996517511958037,0.00837377530046524,7.0528429666493455
3.0708893260977206,0.00824743667926012,5.6748656449935835,3.039338684916965,0.007652575930617167,5.360664894453995
2.9966202617771223,0.008384501509884177,6.159026495669615,3.074091304018215,0.00792566498480244,5.370432264090366
3.116676053453928,0.008183405112674652,5.8016211574448,3.0091888328105765,0.00813470623571464,5.886373908739315
3.0404240732032077,0.008137575985131875,5.533203272506922,2.9837369596070946,0.007971616273742505,6.06140901492099
3.0313295841782937,0.008263272366756391,6.21907962105621,3.079836667122947,0.007980080222104242,4.851231033729675
2.9705357545869835,0.008187302011429384,6.011729987188405,3.0518663083259003,0.008097091418394209,5.592125664395848
3.0436093447669292,0.00798832261352505,5.071111796504421,2.994880448594305,0.008052000347898899,5.124668983233477
3.068871056567281,0.00822602297487246,5.341703055612749,2.951318963975253,0.008017821054032441,5.716578488336364
2.977205874718358,0.00837694534425363,6.368882335595161,3.052638739413729,0.008134417025570993,5.4297142504977405
3.085385044931358,0.00806440473453831,5.586534008118947,3.092027342784922,0.00811060655361088,5.787107373462956
2.9978508285583247,0.00828175253314651,6.306096386771233,3.1006670982309013,0.008147349029384366,5.227476375470785
3.082471073463604,0.008101804224471569,5.308004364485157,3.095969760359414,0.007981651799136309,4.726806284366898
3.065556722002496,0.007988155844484607,6.458493889630379,3.0142044903711893,0.00788736790348259,6.074181223385284
2.9790284910056952,0.008370815983804862,6.047629890695341,3.0101256085823005,0.008112229968708551,5.544501120334707
3.145675440341769,0.008247540001478508,5.288884626855105,3.1745420074679442,0.008216721518291862,5.000198846304933
3.0715647492899136,0.008055468331959368,5.423867273423064,3.104547569950717,0.007882064332921766,5.249748314071124
2.9947172931251425,0.008105698629085943,6.0344343890887036,2.9824853302415235,0.008070180966225969,5.817766230669461
2.9639761338324124,0.007737361770060403,5.8179232278859585,2.9693608432047913,0.007691545402852941,5.487163813186976
3.0059175712272355,0.00802652212761252,5.782158521440635,2.9966756655733136,0.008032225190130042,5.772889389446708
2.8386830624067345,0.008206296195874771,7.26744583864126,2.887669315153237,0.007672871053886576,6.4285776130201775
2.9998494954218016,0.008249219780730342,5.805503976560517,3.0246112618378964,0.008292055817800771,6.176084748235574
3.0563942974588234,0.007878059280298473,5.3685889277411425,3.0276695411656056,0.00762953826101572,4.72274945711906
3.0666858637775003,0.008058806694562793,5.6774678700740395,3.1156666313229664,0.007983795820474518,5.3756063085041195
3.000115422247089,0.008425294301409937,5.78565019948646,3.0205327581910524,0.008404822300262954,5.254742092490175
3.0120763630818277,0.008300681530919828,6.65349374349228,3.1014729962120655,0.00812794315779585,5.11169504319226
3.0321396864605243,0.008250268933746556,5.651561073824699,3.101482588768116,0.00784981423178152,5.1432078101165715
2.9803796284140107,0.008277975516476738,5.833940463140543,3.053329548856212,0.008135612855670327,5.734264106336566
3.1061681478895435,0.008135064061129528,5.111125431955459,3.070307139226399,0.008144479850947765,5.29373423017606
2.9881002706051207,0.008121534166106916,6.260698442675663,3.09105794775807,0.007807815483721739,4.776329170358063
3.0760887378381527,0.008551831044236062,5.846526816134795,3.032383514667745,0.008179727866218628,5.51000653179754
2.9907985744650842,0.008305014651648807,5.983390987234673,3.05791756434446,0.008233146387380154,5.470042597542041
2.9731439506738058,0.00857204943813559,6.524156374790435,3.021112619529238,0.008369911662805962,6.516986555211209
3.0414661555404483,0.00797614339823922,5.8956610151362465,2.963161396562693,0.007817228426207915,6.023460164914333
2.950596270443353,0.008329297280716104,5.928918898154546,2.9508374091493867,0.008111561261012057,6.429818974947457
2.996564337726973,0.007957182941712066,5.358871381766919,3.0254694909462985,0.007942121066467741,5.585595226757707
3.0680515694956654,0.007956658796375114,4.680432167139066,3.0264957276774274,0.007907616057603218,5.16725010224856
3.051950165185451,0.008047351756126798,5.617610847635842,3.126929315547594,0.008001018429225577,5.1248293558365035
2.980785370103365,0.008419829337953868,5.817118988138417,2.984027360596059,0.008152236810103543,5.316260906879066
3.012936691817507,0.007998159613786556,5.616501175689719,3.073181352463239,0.008044044131609904,5.422588542982411
1.761915342234084,4.355190617417525e-07,6.264132401855477,1.78468329129409,4.6521310775326086e-07,6.140966483694231
3.016103046704065,0.008485219335592452,6.232221888148188,2.9864633656635187,0.008563215882952929,6.063322233011103
2.994924380626847,0.00852196578963077,6.686757026250417,3.0629631697733997,0.008386722906467848,5.985124053764367
3.003860049264169,0.007976551894077944,5.471184467698081,3.094316605695904,0.007793130546807917,4.665261856429714
2.989365286896135,0.006981820187898053,4.857217544049548,3.0291667740660624,0.006894997344685653,4.736140857188321
2.9323700635197834,0.008459359343598833,6.101065342527654,3.045531157173852,0.008219375653860798,5.529472923526411
2.9417537302432333,0.007706821249364584,5.976195888818756,2.8760006814420396,0.0077474536943025136,6.090797330741066
3.0464128068349874,0.0077300071154270955,4.458160226988625,3.024907038696643,0.007609815535044148,4.897611103025857
3.1097991507806997,0.00796501296490007,4.656960117049894,3.1067872926607265,0.007798574690252911,4.626614244710119
3.0338321296051296,0.007842235335008557,5.082016052422452,3.0474352570572485,0.007768378509095985,5.087247165226261
1.5724230190251718,4.789365755121189e-07,6.9774989492954305,2.908651379112433,0.007991361516433405,6.564195938629718
2.9622977029461035,0.007968746511593098,6.14828763084131,3.007945700245208,0.00797201244455064,5.738919542372523
2.024275519948094,6.213962375723393e-07,5.554146534184447,2.1334207621259766,9.38604693419987e-07,4.939211554852038
3.080945214293104,0.008319555264237447,6.168974280204632,3.0766190711555024,0.008001463254400055,5.574309063995557
3.0629936860721103,0.00845177264445308,6.422434747707897,3.0259258001872524,0.00836674342506618,6.533194491136044
1.659776572978098,4.319052533145597e-07,6.354883584512903,1.7299864961558369,4.4599948534293826e-07,6.541088916961583
2.9727309013877825,0.008305791393135966,6.1516286511991,3.1132828188591497,0.008041194293009367,5.0343867902006485
3.0206027582015214,0.008149337790560337,5.692441689844112,2.96696725702673,0.00789225848907644,5.491296757590445
3.020168920395628,0.008075709234735209,6.120475881406323,3.045313242165769,0.007935324803258976,5.290870743479534
3.0037101624209166,0.008225703049944454,6.468779903775561,2.992437588936879,0.008047569101827863,6.001242584567837
2.9737980620263897,0.007648960126609644,5.149891461064118,3.021933318110434,0.007593130765468069,4.806501137981803
3.0932894944619673,0.008352573327598027,5.625237664799758,3.0377192773002686,0.007957182148843386,5.63369399345889
2.965259560629963,0.00837094999111144,6.21468118961042,3.032909623248705,0.008131350246802074,5.472041878242809
3.1036023905982377,0.008511418769723672,5.3175189744382205,3.0882545409680247,0.008353432349153023,4.940901305185098
2.9139320904348205,0.008339717917650495,5.9803942028431365,3.1203463727398555,0.008074300309078417,5.317913001345774
2.8831432831326698,0.008303437104614378,6.804726158812587,3.017054602156112,0.008155756161625003,6.547067254645351
1.9938438381587613,3.489223838149194e-07,5.629789316140594,1.7570438091180554,3.6353869087950496e-07,6.384639819700975
2.8894999358925144,0.008015239869307952,6.34455813873439,1.8227399215738849,9.495114678387351e-07,5.9916067308399645
3.0194546640130437,0.007891879992927944,5.337911987089906,3.01357379924255,0.00795008516264556,5.190567601601009
2.9238984405523567,0.008203277033169335,5.724903100172271,2.8879622543874284,0.008197330986940235,5.923827636528731
2.9921662235753743,0.008126104165858477,6.029957564689087,2.897319638832645,0.008056764186868197,6.365817812679028
3.0764258837458938,0.007951004299965673,4.978275047680038,3.0299109249895437,0.007947859777509532,5.593357266140184
3.0520918052905475,0.00856984678968259,6.253260035441982,2.981340136100615,0.008524030661632062,6.687481463730467
2.8973435182719793,0.008118118499364306,6.465072323268026,2.9274405818493854,0.007676672000529665,6.207909010833174
3.074524414375097,0.008718471274292226,6.208439584068035,2.9802126582056987,0.008370905697110685,6.171781239974182
2.9935065667056437,0.008307036494836457,6.390890371338131,3.0510627652395534,0.00817929888746929,5.856973745537802
3.081391449020926,0.008284987720133863,5.409351157717476,2.989722437709291,0.008035868998497273,5.411229720382416
3.018893761643146,0.008182402775969032,5.920916362871908,2.973512523028318,0.008087165872190548,6.025365653769269
2.9591605344619163,0.008249989566236354,6.2752430418463065,3.0728444683582614,0.007677662039258779,5.206225270623861
2.9995482072925617,0.007810451260819683,5.851867855155444,2.9677666455022846,0.00802591269497585,5.746378731102746
3.0337215472169863,0.008585673915550717,6.326757420895537,3.002705660943004,0.008564154135804405,6.615725336005116
2.972656856109751,0.008446901274502665,6.054508010733219,2.9621608235322796,0.008314983200477143,6.03321339026495
2.8766083727248977,0.008174916784797042,6.506661901312471,2.9686940169458884,0.0079755382256454,5.714717826139037
3.12198337872311,0.008336368151323744,6.048339126638434,3.102455516479564,0.008127038509576155,5.62139987850315
3.021270900600678,0.008123512244010827,5.834123482837612,3.0606093928055853,0.007904451793741607,5.2025973116788
3.0231940959448966,0.008461780862533356,7.054649459779,2.952787075819712,0.00783979392975891,6.061160482727248
2.9140255459346527,0.007961920515646698,6.306439685696598,3.0473267958706325,0.007939894465235244,5.355823569934851
3.0267349514786503,0.008565623072417103,5.915624103825464,3.058414698264968,0.008330232545539787,5.920170280528411
3.064323743062925,0.008252507517849146,5.983446550461743,2.96033692029147,0.00830820926668357,6.340865658581633
3.0782699422589257,0.008336664549726704,5.516490950585462,3.0622434022103437,0.008021917792830582,5.63524194414134
3.0165862912760373,0.008235829629864501,5.905125749451018,3.0062084658888786,0.008037501200598946,5.611611490401965
1.549919346209598,5.018970200862259e-07,6.867515418453916,1.6810636961598795,4.5896960925210067e-07,6.384319576518733
3.014611308808492,0.008294850176968745,5.651978884014467,3.0229601799298234,0.008052101505527133,5.592044941649518
2.8777655622286895,0.008013225248538416,6.170774907348948,2.914051054388919,0.007977299291304314,6.475553601634785
3.069440502824623,0.00789301485367359,5.098255647528546,2.9857041518296477,0.007816295853554861,6.028236025276092
2.9512483703410246,0.008068963370907463,5.912059968660362,3.0373144258601816,0.008100398917234172,5.919436633553724
1.7243634666702827,1.1371991110236872e-06,6.3908666706662025,1.917739669444071,8.422802762062033e-07,5.792653390855709
2.9044728089860836,0.007542848943716536,5.599426464052353,3.0119257908175987,0.0077656805689494115,5.6225910412108995
3.0596689596773077,0.008622714154306545,6.320762215289597,2.9563379198766726,0.008437482824111437,6.351346524200433
1.714737492755118,1.3139482170575844e-06,6.693409383329059,1.8920616811229127,1.2420829056249564e-06,5.943609820589306
2.967094706119422,0.008189068116858737,6.363239230754475,2.9755106045866606,0.00798903155401951,5.978161100821628
2.9943992056114963,0.00797251244804563,5.590941752305386,3.061243523935162,0.00795758848772129,5.498116425971935
2.8905573702199288,0.007947093282546929,6.162715862285097,2.9718543943441165,0.007737537156523414,5.54481174875257
2.974098619376667,0.007653233628111323,5.5453926762689685,3.0412664541454637,0.007604428361248754,5.837484744165339
2.9341416767106123,0.008435122494083363,6.297344930984622,3.0314434447917313,0.008026171675928617,5.067765262020084
1.5680147627360486,8.89228012152573e-07,6.96287676011102,1.811748553109529,9.085497029426495e-07,6.025118546122767
2.977590159809468,0.008134053256845531,5.8809807108277905,3.0343732537604016,0.007997381792116783,5.740186650648777
3.0649682342465763,0.008307965670909244,5.6042069284076925,3.017249004643321,0.008282922396391322,5.5219772734015
3.040527219666321,0.008000951141224259,5.633771480354855,3.091308683772697,0.007929948080589949,5.190210825826455
3.0136900442673995,0.007436637072629806,5.39557536290613,1.9298156312692734,9.232700440617495e-07,5.955439621205978
2.9421303229571047,0.007882515620342803,6.440507685767216,3.0055356941773956,0.007800338614940861,5.560162263188747
2.9864615033139357,0.008450754184485463,6.483347119583201,2.9939061557528834,0.008353817357014447,6.651070758673375
2.985871089466075,0.007921800613999228,5.6680847198571325,2.9797671884767047,0.007826214296184072,5.451370066641159
3.0126371807148025,0.00819516097044082,5.95542346103678,3.100401546666128,0.008238151901741526,5.3467206887638286
2.9708612362146076,0.008463023043103531,6.054092003365792,3.0865722970795053,0.008445886665433635,5.936345717754862
3.0358033019217032,0.008486004572311493,6.349228178251567,3.040342699322918,0.008101897808154526,5.489662393866756
2.9697076413767602,0.00849264439266078,5.656788075077673,3.00248721940876,0.008260818669231043,5.405774100968021
3.0647187501445785,0.008106936558320895,5.6263992641971345,3.0333284603813127,0.008014870175009845,5.580940139101001
3.019421449943138,0.008255050406861699,5.904126828840828,3.0127602572532526,0.008106697494635945,5.8289741966438795
3.013118933180805,0.008009376086711886,5.981173288991086,2.9612998409765123,0.008247750485225677,6.451855706985268
3.109154531164897,0.008222683944663687,5.086928196695914,3.0696637493535057,0.008125731147335644,5.019227065367773
3.080826663865266,0.008407049937626337,5.168882624211018,3.05168570949402,0.008320003810409999,5.637111527809559
3.007546689798839,0.008027278578945127,5.637414668154317,2.9647308299190445,0.007847341570739928,5.486141831278882
3.0504562654852543,0.008092007289565238,5.923901996481469,3.0702744562492894,0.007910325884667686,5.373040129330747
3.0018340356423447,0.008165566428721559,6.386804650581391,2.9854275803817556,0.007958917847408271,5.827322249142022
2.925725792651338,0.007482757086004462,5.899518347412494,2.9380615322866492,0.007529064631546936,5.4141832291692475
2.9612868708003974,0.008111089966706501,6.754758805051503,3.0747800864942505,0.007874642667481628,5.226887808000881
3.0177748038509424,0.008101206662646696,5.524904453936545,2.9780799599970695,0.00824172760102438,5.924776590455223
