m_obs1,sigma_hat_obs1,m_obs2,sigma_hat_obs2,m_ipw1,sigma_hat_ipw1,m_ipw2,sigma_hat_ipw2,m_full,sigma_hat_full,m_var_oracle,m_var_mcar
0.0,5.653087448235403,0.0,5.747158062616293,0.0,6.159453249642794,0.0,5.634458937189663,0.0,5.38748140661911,1.0,1.4285714285714286
0.0,5.521429470143707,0.0,5.726535735050994,0.0,5.919166442407087,0.0,6.2927078036631805,0.0,5.21506802600062,1.0,1.4285714285714286
0.0,5.851978134237687,0.0,5.658624607141356,0.0,6.350642601306412,0.0,6.087080769105509,0.0,5.503873163188031,1.0,1.4285714285714286
0.0,5.465772876699118,0.0,5.558554911608838,0.0,5.839736079426556,0.0,5.905801822030831,0.0,5.287571526372108,1.0,1.4285714285714286
0.0,5.660446250164012,0.0,5.78245649685439,0.0,6.204539401507813,0.0,6.071132670062747,0.0,5.377145321135727,1.0,1.4285714285714286
0.0,5.666181876234732,0.0,5.709544612492599,0.0,6.114783826191002,0.0,5.755427184843566,0.0,5.355486368892597,1.0,1.4285714285714286
0.0,5.539924287066347,0.0,5.419493214069559,0.0,6.019170509787333,0.0,5.741528790411754,0.0,5.201189534250752,1.0,1.4285714285714286
0.0,5.436302407991512,0.0,5.5382331815913135,0.0,5.901563197108809,0.0,5.83795493674563,0.0,5.303230888447644,1.0,1.4285714285714286
0.0,5.656445947383594,0.0,5.457045478833096,0.0,6.191948267747397,0.1471749512352481,5.962292548622346,0.0,5.300938095212819,1.0,1.4285714285714286
0.0,5.473826589935992,0.0,5.584303295023753,0.0,6.051345155180478,0.0,5.979244111023855,0.0,5.187029108504442,1.0,1.4285714285714286
0.0,5.51470955127408,0.0,5.467428048890195,0.0,6.100353126822557,0.0,5.853901291651324,0.0,5.172848004191865,1.0,1.4285714285714286
0.0,5.639129729886302,0.0,5.492110187448067,0.0,6.266987185682459,0.0,5.8228768747370685,0.0,5.238112735786307,1.0,1.4285714285714286
0.0,5.562178262051416,0.0,5.955560712502495,0.0,6.07104254817478,0.0,6.197165437201833,0.0,5.3356532574983415,1.0,1.4285714285714286
0.0,5.473877140158289,0.0,5.525721879958686,0.0,5.882624524170475,0.0,5.8476331582275725,0.0,5.278138414273985,1.0,1.4285714285714286
0.0,5.494241614653667,0.0,5.803459845029784,0.0,6.126585372252917,0.0,6.282825826496635,0.0,5.485786102021973,1.0,1.4285714285714286
0.0,5.556753390910759,0.0,5.694390934760414,0.0,6.050815766157285,0.0,6.218671423047388,0.0,5.375050456328104,1.0,1.4285714285714286
0.0,5.7566026640779455,0.0,5.574306883728521,0.0,6.197456601274629,0.0,5.785582107071904,0.0,5.314641081893872,1.0,1.4285714285714286
0.0,5.581472151102677,0.0,5.6131637897636,0.0,5.865846898701965,0.0,5.848849322014922,0.0,5.261854930010058,1.0,1.4285714285714286
0.0,5.592294828461798,0.0,5.725157392662802,0.0,6.110969381884123,0.0,6.022515428938447,0.0,5.319997747954537,1.0,1.4285714285714286
0.0,5.653275397339457,0.0,5.710918137138956,0.0,6.129053520481161,0.0,6.134106758250723,0.0,5.444418070706832,1.0,1.4285714285714286
0.0,5.60949755732096,0.0,5.825478245898116,0.0,6.217383104468416,0.0,5.968173428964342,0.0,5.464149399241338,1.0,1.4285714285714286
0.0,5.53549880126973,0.0,5.789173140114797,0.0,6.032329682110117,0.0,5.903591200652969,0.0,5.346925613117976,1.0,1.4285714285714286
0.0,5.488686444845071,0.0,5.525934507931881,0.0,5.9129858455439415,0.0,5.761301404242582,0.0,5.100509345465689,1.0,1.4285714285714286
0.0,5.608213709443051,0.0,5.629004773768022,0.0,6.106833099023556,0.0,5.940793744442042,0.0,5.419673111792422,1.0,1.4285714285714286
0.0,5.732365948720805,0.0,5.532964639331008,0.0,6.391510594613263,0.0,5.956708318433794,0.0,5.395257427528128,1.0,1.4285714285714286
0.0,5.4561680159580765,0.0,5.465494726719612,0.0,5.9424664254177575,0.0,5.881693596468434,0.0,5.26573599267602,1.0,1.4285714285714286
0.0,5.600949250885455,0.0,5.655084373640297,0.0,6.1850800956709655,0.0,6.081108075840731,0.0,5.218449672435519,1.0,1.4285714285714286
0.0,5.597240966641689,0.0,5.418067384535972,0.0,5.9745046107962425,0.0,5.590315227936789,0.0,5.306436831306884,1.0,1.4285714285714286
0.0,5.625144808777471,0.0,5.615757328872556,0.0,5.992845966291116,0.0,5.695258013236942,0.0,5.358421220826718,1.0,1.4285714285714286
0.0,5.628732361466419,0.0,5.65367264719828,0.0,6.112309873682363,0.0,5.92968333979634,0.0,5.295640351911126,1.0,1.4285714285714286
0.0,5.97204085181071,0.0,5.85371609134171,0.0,6.323194842057814,0.0,6.014975736581071,0.0,5.418378165170365,1.0,1.4285714285714286
0.0,5.707025090206427,0.0,5.601535622344714,0.0,5.979843131487295,0.0,5.7011718691731375,0.0,5.271310144832244,1.0,1.4285714285714286
0.0,5.598323190618954,0.0,5.454097692634257,0.0,5.974120515708714,0.0,5.623344921276314,0.0,5.282387379821253,1.0,1.4285714285714286
0.0,5.573639163675659,0.0,5.657201396032922,0.0,6.163435186492428,0.0,5.941171821804355,0.0,5.255163071414704,1.0,1.4285714285714286
0.0,5.470334939053737,0.0025885508041832,5.580934863826112,0.0,5.775488168030497,0.1953442744425634,5.7750709186345865,0.0,5.242107714635475,1.0,1.4285714285714286
0.0,5.583486501925632,0.0,5.581527348102744,0.0,6.112120392982622,0.0,5.993059113572691,0.0,5.287206186032288,1.0,1.4285714285714286
0.0,5.90921501472613,0.0,5.735905805329983,0.0,6.498339462295709,0.0,5.946179669033983,0.0,5.468408071356127,1.0,1.4285714285714286
0.0,5.781923490048091,0.0,5.665450622286306,0.0,6.424627136846552,0.0,5.993825141148249,0.0,5.4619366416265605,1.0,1.4285714285714286
0.0,5.704517840547905,0.0,5.648696873512075,0.0,6.334156724620811,0.0,6.015875943042785,0.0,5.382264399100042,1.0,1.4285714285714286
0.0,6.03206426955846,0.0,5.812529442747522,0.0,6.524421104552558,0.0,5.942951674108686,0.0,5.553841400072456,1.0,1.4285714285714286
0.0817313278179342,5.802043524744408,0.0,5.923288544432278,0.1855662792988026,6.294142004603108,0.0,6.323750897158687,0.0,5.509246173484647,1.0,1.4285714285714286
0.0,5.542293865660271,0.0,5.695758081870785,0.0,6.10061437909956,0.0,6.223583414225791,0.0,5.376545289696957,1.0,1.4285714285714286
0.0,5.439811661799231,0.0,5.589024052104875,0.0,5.855136321353266,0.0,5.964162590370286,0.0,5.257820432547164,1.0,1.4285714285714286
0.0,5.721754426102972,0.0,5.703909053149308,0.0,6.002696886508418,0.0,6.069735106843972,0.0,5.215748461353859,1.0,1.4285714285714286
0.0,5.514160815199137,0.0,5.347978535001018,0.0,5.899848287667925,0.0,5.603316716126643,0.0,5.10322738056996,1.0,1.4285714285714286
0.0,5.602969521081731,0.0,5.801204701086127,0.0,6.173095527210031,0.0,6.221888546906103,0.0,5.4454431544535735,1.0,1.4285714285714286
0.0,5.492480083495551,0.0,5.595340884394343,0.0,5.942668708277315,0.0,6.050235192437346,0.0,5.316095502021169,1.0,1.4285714285714286
0.0,5.557561275871431,0.0,5.492272603211668,0.0,5.946355199620906,0.0,5.960214913988541,0.0,5.1559155301700414,1.0,1.4285714285714286
0.0,5.685691772893902,0.0,5.619519960441953,0.0,6.063425533544284,0.0,5.879073484882879,0.0,5.231428107461123,1.0,1.4285714285714286
0.0,5.350490128439318,0.0,5.319361647505679,0.0,5.895508183562333,0.0,5.839146678696867,0.0,5.156081966960105,1.0,1.4285714285714286
0.0,5.303112017038365,0.0,5.408880031975615,0.0,5.781505544504696,0.0,5.762296374820937,0.0,5.2037015042687935,1.0,1.4285714285714286
0.0,5.578251394150959,0.0,5.454381143227312,0.0,6.107002899401387,0.0,5.829686258981306,0.0,5.179780814263055,1.0,1.4285714285714286
0.0,5.546723643075291,0.0,5.506127679968635,0.0,6.065970671281863,0.0,5.8213601442630925,0.0,5.26710331711723,1.0,1.4285714285714286
0.0,5.595452563059013,0.0,5.5661085254999145,0.0,6.128978943321459,0.0,5.831924092941649,0.0,5.37876708035184,1.0,1.4285714285714286
0.0,5.516034817157667,0.0,5.515058115613606,0.0,6.05326299225171,0.0,5.8528329892875135,0.0,5.2348195485349125,1.0,1.4285714285714286
0.0,5.520833636276735,0.0,5.517348707783799,0.0,6.049009997465774,0.0,5.919590380622244,0.0,5.092212919005196,1.0,1.4285714285714286
0.0,5.605117089802682,0.0,5.922832772230401,0.0,6.10452881261576,0.0,6.194748262308782,0.0,5.3343852240669305,1.0,1.4285714285714286
0.0,5.577645706723818,0.0,5.426844302895095,0.0,6.016620765667444,0.0,5.817150791555881,0.0,5.228582883813857,1.0,1.4285714285714286
0.0,5.634129974394773,0.0,5.49977638984574,0.0,6.24229993281189,0.0,5.997238690931188,0.0,5.366916267189634,1.0,1.4285714285714286
0.0,5.470986635572123,0.0,5.746153401235095,0.0,5.841415673227003,0.0,6.115699687930846,0.0,5.247697565258774,1.0,1.4285714285714286
0.0,5.560613953238608,0.0,5.618864471250337,0.0,6.020776069271004,0.0,5.8322382360767255,0.0,5.307902110651037,1.0,1.4285714285714286
0.0,5.676039494846092,0.0,5.65334958565898,0.0,6.141038058051029,0.0,6.059554565972944,0.0,5.34085339855289,1.0,1.4285714285714286
0.0,5.336844372950719,0.0,5.2893708467843625,0.0,5.9576514097108255,0.0,5.7779332942569,0.0,5.139272893731012,1.0,1.4285714285714286
0.0,5.433618491680705,0.0,5.640686287406021,0.0,5.767426244824642,0.0,5.835010200650304,0.0,5.24641038900979,1.0,1.4285714285714286
0.0,5.785539284329207,0.0,5.741959073021604,0.0,6.234832088604858,0.0,6.13589198665012,0.0,5.423807352905006,1.0,1.4285714285714286
0.0,6.008129387631288,0.0,5.774891836348603,0.0,6.538264478301842,0.0,6.035429819963941,0.0,5.3927792024702255,1.0,1.4285714285714286
0.0,5.699019344761631,0.0,5.546621348439885,0.0,6.1820192955581055,0.0,6.053177852719699,0.0,5.41746471455149,1.0,1.4285714285714286
0.0,5.793704838225904,0.0,5.736874829212837,0.0,6.435803500278433,0.0036714352210801,6.081043000683424,0.0,5.472839744048176,1.0,1.4285714285714286
0.0,5.7736404639722485,0.0,5.718988581301612,0.0,6.2376435328147,0.0,5.884449189355429,0.0,5.428841173513157,1.0,1.4285714285714286
0.0,5.699930818972825,0.0,5.634954859874064,0.0515961872419859,6.223204132566558,0.0,5.985031138774272,0.0,5.361266668462991,1.0,1.4285714285714286
0.0,5.770971447190997,0.0,5.750039809948489,0.0,6.303680429503832,0.0,6.032540124491328,0.0,5.483647827976298,1.0,1.4285714285714286
0.0,5.6041551366571545,0.0,5.70007405429873,0.0,6.180368279733887,0.0,6.04203035931213,0.0,5.419266929648148,1.0,1.4285714285714286
0.0,5.577811160257979,0.0,5.569108118217041,0.0,6.021873077931115,0.0,5.79880183897235,0.0,5.339306249207888,1.0,1.4285714285714286
0.0,5.613417737036885,0.0,5.658005962099487,0.0,6.0511026342327305,0.0,6.0581874563790885,0.0,5.245444356743049,1.0,1.4285714285714286
0.0,5.731111546629411,0.0,5.690061574216801,0.0,6.205616603130648,0.0,5.947302103023292,0.0,5.326976629481853,1.0,1.4285714285714286
0.0,5.46929175789825,0.0,5.260822824698439,0.0,5.887590825498108,0.0,5.523851560957092,0.0,5.128048211787356,1.0,1.4285714285714286
0.0,5.762789722237644,0.0,5.759860246336334,0.0032492532809772,6.325852678860929,0.0572502379040281,6.060475178163418,0.0896527035457917,5.349443162806485,1.0,1.4285714285714286
0.0,5.519324690126559,0.0,5.315829840989753,0.0,6.115263809444202,0.0,5.826330288670883,0.0,5.101575303879597,1.0,1.4285714285714286
0.0,5.678301736425005,0.0,5.440809611276685,0.0638131237782065,6.195489384259108,0.0,5.789577893799656,0.046559930954863,5.244613081186381,1.0,1.4285714285714286
0.0,5.659633249341669,0.0,5.556327835348118,0.0,6.135573400451977,0.0,5.982994969089468,0.0,5.218096171720115,1.0,1.4285714285714286
0.0,5.588778653593809,0.0,5.652301951516665,0.0,6.197216853673388,0.0,6.107025435662659,0.0,5.240639489153383,1.0,1.4285714285714286
0.0,5.460733881576162,0.0,5.49171978433687,0.0875908168604324,5.965490500904984,0.0,5.756774652524124,0.0359287683115959,5.242174833076987,1.0,1.4285714285714286
0.0,5.505542084779358,0.0,5.542711370202119,0.0,5.938651265725969,0.0,6.031692345698289,0.0,5.40670299672051,1.0,1.4285714285714286
0.0,5.8292503823390165,0.0,5.907571506406955,0.0,6.32908730534942,0.0,6.168354347500986,0.0,5.450830491665877,1.0,1.4285714285714286
0.0,5.592057795228465,0.0,5.676593044990467,0.0,6.138283646753422,0.0,6.147189323098727,0.0,5.33111822127557,1.0,1.4285714285714286
0.0,5.392058510548512,0.0,5.416274310184506,0.0,5.89379622611714,0.0,5.842660528020055,0.0,5.140237257684709,1.0,1.4285714285714286
0.0,5.775137172064712,0.0,5.605828957858823,0.0,6.153534837419572,0.0,5.775029283119423,0.0,5.501548945957561,1.0,1.4285714285714286
0.0,5.614143488565053,0.0,5.72340202803328,0.0,5.984203841321944,0.0,6.067040029252696,0.0,5.301852880241451,1.0,1.4285714285714286
0.0,5.654058673528596,0.0,5.764020247458222,0.0,6.197873911879436,0.0,6.159107209125172,0.0,5.509472936040887,1.0,1.4285714285714286
0.0,5.820342304464133,0.0,5.954274450708558,0.0,6.355555239497295,0.0,6.331741308330205,0.0,5.633872199782004,1.0,1.4285714285714286
0.0,5.907667746758265,0.0,5.917087893533568,0.0,6.449003012845852,0.0,6.172520262719601,0.0,5.5799298382027205,1.0,1.4285714285714286
0.0,5.64445253038245,0.0,5.857926867474278,0.0,6.10293972618115,0.0,6.157680528053029,0.0,5.426227622796877,1.0,1.4285714285714286
0.0,5.514053805602945,0.0,5.545302957947017,0.0,6.000905679677699,0.0,5.740645266836347,0.0,5.212171281222634,1.0,1.4285714285714286
0.0,5.491805262095075,0.0,5.523208448917544,0.0,6.133737989825956,0.0,5.713636056025185,0.0,5.290529148603615,1.0,1.4285714285714286
0.0,5.478576272555145,0.0,5.6921271515464085,0.0,5.859072238938436,0.0,5.9614537620315575,0.0,5.307151510358179,1.0,1.4285714285714286
0.0,5.444355196276418,0.0,5.525482355937644,0.0,5.897390261302439,0.0,5.94370744494487,0.0,5.248549055536629,1.0,1.4285714285714286
0.0,5.612864663579322,0.0,5.827179756020027,0.0,6.118533964162396,0.0,6.115966721575024,0.0,5.400967805399277,1.0,1.4285714285714286
0.0,5.813213910318507,0.0,5.797421605021203,0.0,6.311714318267375,0.0,6.187336427511225,0.0,5.392835141138916,1.0,1.4285714285714286
0.0,5.858716383680862,0.0,5.765121335849104,0.0,6.444260213953953,0.0,5.901301754685767,0.053501348930727,5.35895763771076,1.0,1.4285714285714286
0.0,5.635040097746238,0.0,5.544221232077597,0.0,6.323035117300406,0.0,6.007057876080405,0.0,5.4170878416891055,1.0,1.4285714285714286
0.0,5.574242525762262,0.0,5.78771262652155,0.0,6.020748542320226,0.0,6.037348354448743,0.0,5.287198191962537,1.0,1.4285714285714286
0.0,5.46976450139656,0.0,5.568779689792179,0.0,5.919895316910153,0.0,5.940951134674709,0.0,5.310318365455132,1.0,1.4285714285714286
0.0,5.800759381735138,0.0,5.611761215196485,0.0,6.298421415053605,0.0,6.093162522185581,0.0,5.477968901713265,1.0,1.4285714285714286
0.0,5.806752345034406,0.0,5.385749519045972,0.0,6.344814201662767,0.0,5.80461901944805,0.0,5.431801732259149,1.0,1.4285714285714286
0.0,6.11858183747435,0.0,6.052289392544164,0.0,6.651235843376246,0.0,5.935785324752223,0.0,5.740465902508712,1.0,1.4285714285714286
0.0,5.745721820013303,0.0,5.697531867307367,0.0,6.316245170103835,0.0,6.104412108505811,0.0,5.370347591326016,1.0,1.4285714285714286
0.0,5.590970217158048,0.0,5.743105126368894,0.1033975925084179,6.0045118817983445,0.149911945478588,5.909428839285051,0.2711856900511034,5.231983891870871,1.0,1.4285714285714286
0.0,5.550412641437237,0.0,5.783877313778315,0.0,5.912135203362122,0.0,6.153730670680677,0.0,5.272383746924991,1.0,1.4285714285714286
0.0,5.591255536908952,0.0,5.592822052264107,0.0,5.968417729906861,0.0,5.955552518258324,0.0,5.273486382420217,1.0,1.4285714285714286
0.0,5.7643866168780615,0.0,5.559203514665501,0.0,6.1346919246501965,0.0248447999488086,5.690946001933153,0.0,5.278837313889006,1.0,1.4285714285714286
0.0,6.00849740652685,0.0,5.876071858169047,0.0,6.40777188700159,0.0,6.163356006186499,0.0,5.567006397650932,1.0,1.4285714285714286
0.0,5.36196041928144,0.0,5.497690209523607,0.0,5.9367729665938125,0.0,5.859216861187283,0.0,5.227079645274567,1.0,1.4285714285714286
0.0,5.474952662544978,0.0,5.58512695932589,0.0,5.964381913357154,0.0,5.9630420896214265,0.0,5.242632785235448,1.0,1.4285714285714286
0.0,5.617293676303098,0.0,5.687136950365482,0.0,6.013939678339202,0.0,5.68290211643755,0.0,5.334374805567328,1.0,1.4285714285714286
0.0,5.914355300109082,0.0,5.645283723066002,0.0,6.475564963564649,0.0,6.099314536482566,0.0,5.44267253683663,1.0,1.4285714285714286
0.0,5.875132240731659,0.1140904708829511,5.679776705086709,0.0360339440003294,6.278395708393655,0.2825202878877061,6.076803347833771,0.0204052832992419,5.45832829844277,1.0,1.4285714285714286
0.0,5.681300394779901,0.0,5.541806085116107,0.0,6.155069212129298,0.0,5.8080420027262205,0.0,5.360180174536239,1.0,1.4285714285714286
0.0,5.689843910663182,0.0,5.679290774078185,0.0,6.227531179321737,0.0,5.979784511201452,0.0,5.40477032014673,1.0,1.4285714285714286
0.0,5.495683827663729,0.0,5.668635481980264,0.0,6.041479209472565,0.0,5.931510827374418,0.0,5.243669916705967,1.0,1.4285714285714286
0.0,5.743588372251947,0.0,5.455915772616153,0.0,6.156423012621057,0.0,5.697609140358679,0.0,5.229036023093334,1.0,1.4285714285714286
0.0,5.835833950263478,0.0,5.759054540171623,0.0,6.45073783619191,0.0,6.094394786648079,0.0,5.412870487717024,1.0,1.4285714285714286
0.0,5.657137338722232,0.0,5.425752174897002,0.0,6.207544652549642,0.0,5.798098711051187,0.0,5.269603000514054,1.0,1.4285714285714286
0.0,5.903735745141335,0.0,5.576847164890547,0.0,6.364899043316205,0.0,6.019226004353673,0.0,5.462062338758394,1.0,1.4285714285714286
0.0,5.649197023743468,0.0,5.474979183951601,0.0,6.105827468320558,0.0,5.7648355337896025,0.0,5.361660647480057,1.0,1.4285714285714286
0.0,5.507554852945258,0.0,5.606332211028559,0.0,6.149395992878514,0.0,6.130337787223967,0.0,5.320017810630789,1.0,1.4285714285714286
0.0,5.366071962631934,0.0,5.493926668909521,0.0,5.92127545999823,0.0771786270497199,5.952612774910542,0.0,5.120262360287719,1.0,1.4285714285714286
0.0,5.535021210766166,0.0,5.553960990803398,0.0,6.013342294844821,0.0,5.891116334880652,0.0,5.270780756953189,1.0,1.4285714285714286
0.0,5.563819136012579,0.0,5.653135898162645,0.0,6.194507542612278,0.0,5.92356775569188,0.0,5.36387724626039,1.0,1.4285714285714286
0.0,5.598291207489184,0.0,5.7905713098721705,0.0,6.096196454689446,0.0,5.948750672777726,0.0,5.264276966160122,1.0,1.4285714285714286
0.0,5.760939554619085,0.0,5.65627759174788,0.0,6.3257977980390585,0.0,5.905241577058983,0.0,5.336216327185428,1.0,1.4285714285714286
0.0,5.568037712428505,0.0,5.732787205271194,0.0,6.051885514368477,0.0,5.819047152493045,0.0,5.354301937405696,1.0,1.4285714285714286
0.0,5.488604639369414,0.0,5.574342180758889,0.0152755842131331,5.89522180744952,0.0,5.91469672504068,0.0,5.196165755834077,1.0,1.4285714285714286
0.0,5.78914171000906,0.0,5.837582382968431,0.0,6.359038157424802,0.0,6.280031239351092,0.0,5.384702652625021,1.0,1.4285714285714286
0.0,5.431788276262138,0.0,5.548371334737386,0.0,5.867153294658239,0.0,5.845126955961195,0.0,5.176981227384649,1.0,1.4285714285714286
0.0,5.624579096722701,0.0,5.460311758265394,0.0,6.03133481769229,0.0,5.73376183743964,0.0,5.103388643402745,1.0,1.4285714285714286
0.0,5.572705827875984,0.0,5.527159744846369,0.0,6.157858602068237,0.0013860691307236,5.934643314081873,0.0,5.28519739135412,1.0,1.4285714285714286
0.0,5.675620981406729,0.0,5.473139203452302,0.0,5.992929566560514,0.0,5.697480950499365,0.0,5.259522669386112,1.0,1.4285714285714286
0.0,5.570049404956553,0.0,5.436449530795286,0.0,6.130253403273042,0.0,5.672794465372458,0.0,5.243261198404874,1.0,1.4285714285714286
0.0,5.438252715432493,0.0,5.525423655466031,0.1426352351078101,5.799211416277572,0.0,6.028959430560713,0.1780821555154837,5.230777865093451,1.0,1.4285714285714286
0.0,5.59954307663004,0.0,5.631673999087115,0.0,6.169165853523506,0.0,6.235527221571868,0.0,5.389792656718295,1.0,1.4285714285714286
0.0,5.874850082386858,0.0,5.600791810417168,0.0,6.366944082323019,0.0,5.887418034014289,0.0,5.426054329511088,1.0,1.4285714285714286
0.0,5.834473134636833,0.0,5.671612502517043,0.0,6.377189734127274,0.0,6.084662756523847,0.0,5.411335690513744,1.0,1.4285714285714286
0.0870025310715554,5.55349631490076,0.1183649698457231,5.550038506693435,0.2516984642254349,6.058364541359477,0.3140021877233823,5.944422092282159,0.021247425117653,5.209237696390368,1.0,1.4285714285714286
0.0,5.548933540876423,0.0,5.556336804459794,0.0,6.058264921395947,0.0,6.072134181941459,0.0,5.253036585650931,1.0,1.4285714285714286
0.0,5.837858623881668,0.0,5.829114533144572,0.0,6.432895452653642,0.0,6.116640886475524,0.0,5.591841227465558,1.0,1.4285714285714286
0.0,5.305640730663767,0.0,5.415529579912135,0.0,5.848858620353838,0.0,5.941364215273056,0.0,5.233853784735352,1.0,1.4285714285714286
0.0,5.527773156891903,0.0,5.630795446611344,0.0,6.119971274657979,0.0,6.085966813241773,0.0,5.289716212301343,1.0,1.4285714285714286
0.0,5.705442127651504,0.0,5.7602482178803385,0.0,6.225061289601741,0.0,6.220443229882538,0.0,5.4291567229195765,1.0,1.4285714285714286
0.0,5.489677705643224,0.0,5.657750906877897,0.0,5.954533550496388,0.0,6.016630436948531,0.0,5.239337138123886,1.0,1.4285714285714286
0.0,5.4880200995805,0.0,5.381249092491053,0.0,6.002087955688169,0.0,5.842244982300281,0.0,5.15495955454151,1.0,1.4285714285714286
0.0,5.516165258739378,0.0,5.821550321766961,0.0,5.977754261647742,0.0,6.197645869790196,0.0,5.3785519935946295,1.0,1.4285714285714286
0.0,5.732394611734028,0.0,5.526647663781915,0.0,6.198607072393084,0.0,5.524984440116755,0.0,5.279741916656987,1.0,1.4285714285714286
0.0,5.868271182188959,0.0,5.896179743962141,0.0,6.379582905599554,0.0,6.04631527264842,0.0,5.496404326906098,1.0,1.4285714285714286
0.0,5.6075054043888,0.0,5.461774178609186,0.0,6.018884833154917,0.0,5.879999204635864,0.0,5.254514832368102,1.0,1.4285714285714286
0.0,5.465437227864806,0.0,5.411974844327978,0.0,5.901627066999449,0.0,5.33498880863475,0.0,5.225340914653055,1.0,1.4285714285714286
0.0,5.529535554020373,0.0,5.479728294651328,0.0,6.012786430112524,0.0,5.675473032711175,0.0,5.206176463890744,1.0,1.4285714285714286
0.0,5.669939303607834,0.0,5.599479575871383,0.0,6.1984426646824105,0.0,6.047467904321345,0.0,5.357659934338732,1.0,1.4285714285714286
0.0,5.568445593555186,0.0,5.547826043053617,0.0,5.982524218626649,0.0,6.039351848362341,0.0,5.187708037594186,1.0,1.4285714285714286
0.0,5.924969516413966,0.0,5.664390871503995,0.0,6.411819819710775,0.0,6.047535491481042,0.0,5.308646202494591,1.0,1.4285714285714286
0.0,5.399599030596685,0.0,5.382125727407867,0.0,5.913093284363942,0.0,5.633148147427354,0.0,5.216747390336871,1.0,1.4285714285714286
0.0,5.790322173256444,0.0,5.905284781313655,0.0,6.337223987448124,0.0,5.965778030110457,0.0,5.53760111512143,1.0,1.4285714285714286
0.0,5.6750066891856905,0.0,5.816287919427993,0.1678871612970583,6.108232140258968,0.0311858348974,6.093927000482186,0.1341577256669562,5.406642771867599,1.0,1.4285714285714286
0.0,5.44612298352673,0.0303691032930064,5.46909757671441,0.0,5.948190357582383,0.1977717886987584,5.812383760846066,0.0,5.24976558351251,1.0,1.4285714285714286
0.0,5.629162404571995,0.0,5.599837135457817,0.0,6.099806533171714,0.0,5.901089391962653,0.0,5.281031241199277,1.0,1.4285714285714286
0.0,5.8295711008486855,0.0,5.803846283957451,0.0,6.2944643738892765,0.0,6.101609948179712,0.0,5.460655323460572,1.0,1.4285714285714286
0.0,5.607171308910161,0.0,5.7338972040643705,0.0,6.165319221266265,0.0,6.2131372630433335,0.0,5.377953783088565,1.0,1.4285714285714286
0.0,5.578164442711906,0.0,5.524477785233795,0.0,5.929311567776495,0.0,5.718062644399505,0.0,5.237199465342684,1.0,1.4285714285714286
0.0,5.530294063497036,0.0,5.297637928383062,0.0,5.842789160931114,0.0,5.488988689152456,0.0,5.138210203574776,1.0,1.4285714285714286
0.0,5.323385158963401,0.0,5.325034401495786,0.0,5.762354034051335,0.0,5.559627820958159,0.0,5.088711700820124,1.0,1.4285714285714286
0.0,5.516119695063872,0.0,5.793223009844005,0.0,6.037505471005543,0.0,6.306950728560627,0.0,5.326557495118455,1.0,1.4285714285714286
0.0,5.455628439081013,0.0,5.630907051925539,0.0,5.849068297393895,0.0,5.9951751765798695,0.0,5.223600825949383,1.0,1.4285714285714286
0.0,5.738805809434542,0.0,5.8409540435551,0.0954760505183133,6.055053918379372,0.0,6.026373213552104,0.0,5.500642917635796,1.0,1.4285714285714286
0.0,5.644736960675508,0.0,5.7824524739094,0.0,6.156844275235502,0.0,6.145153711742687,0.0,5.512179218369071,1.0,1.4285714285714286
0.0,5.893288094323225,0.0,5.808104910237814,0.0715469399761095,6.380749971839286,0.1183767550941223,5.970322637534231,0.0,5.554402658274155,1.0,1.4285714285714286
0.0,5.491610547164701,0.0,5.567574962105286,0.0,5.941919983997974,0.0,6.067545515953133,0.0,5.348171233713416,1.0,1.4285714285714286
0.0035529210636383,5.475837573197087,0.0,5.627268211395781,0.1683667813633379,5.914251913913668,0.2098990792640252,6.009094033603823,0.0,5.343672862562604,1.0,1.4285714285714286
0.0,5.631620559176784,0.0,5.658075878610987,0.0,6.187708858905236,0.1142209959567002,5.855476288563794,0.0,5.333981072457746,1.0,1.4285714285714286
0.0,5.669042384463716,0.0,5.638992265569954,0.0,5.899538109002314,0.0,5.869958590689466,0.0,5.224214074373154,1.0,1.4285714285714286
0.0,5.50064618298304,0.0,5.617853415467596,0.0,6.165974141215561,0.0,5.934978733798363,0.0,5.323593894325557,1.0,1.4285714285714286
0.0,5.614835307441615,0.0,5.566341191607958,0.0,6.001067443935294,0.0,5.954588042355305,0.0,5.463652462939674,1.0,1.4285714285714286
0.0,5.507685453687968,0.0,5.553544228845696,0.1618239136872535,5.964888067253849,0.0,5.931390640048244,0.0,5.338609317812959,1.0,1.4285714285714286
0.0,5.695582021644287,0.0,5.885648121792757,0.0,6.316557816104023,0.0,6.392121230740074,0.0,5.383402625760819,1.0,1.4285714285714286
0.0,5.527206341165622,0.0,5.523151478984245,0.0,6.059060777568645,0.0,5.951691254074298,0.0,5.303546774573693,1.0,1.4285714285714286
0.0,5.547032546789508,0.058541366429318,5.628239386242424,0.062526147490443,6.130200710055582,0.1746113994308301,5.944638285493688,0.1674577428176412,5.246352046667008,1.0,1.4285714285714286
0.0,5.698616418638838,0.0,5.669914456873904,0.0,6.351132578678773,0.0,5.90538702627135,0.0,5.517304063641917,1.0,1.4285714285714286
0.0,5.500648605121364,0.0,5.775025012222111,0.0,5.903003759492703,0.0,6.191856328141801,0.0,5.274259134999483,1.0,1.4285714285714286
0.0,5.433592663258216,0.0,5.622478678917638,0.0,5.861863946676406,0.0,5.76450418786867,0.0,5.165441285283059,1.0,1.4285714285714286
0.0,5.6296943611675205,0.0,5.677725461134775,0.0,6.011350282181378,0.0,5.908880522861093,0.0,5.341946534889432,1.0,1.4285714285714286
0.0,5.45487512544226,0.0,5.757122334089474,0.0,5.740292384428267,0.0,5.996629694608743,0.0,5.209093185345259,1.0,1.4285714285714286
0.0,5.580471091265697,0.0,5.618194148045683,0.0,6.165078997707636,0.0,6.14159688481078,0.0,5.383790174547371,1.0,1.4285714285714286
0.0,5.293701550846754,0.0,5.384476760864342,0.0,5.759997539578887,0.0,5.711975436359409,0.0,5.159774866482835,1.0,1.4285714285714286
0.0,5.445187051661844,0.0,5.240214718414075,0.0,5.965935838542371,0.0,5.620681484489215,0.0,5.049261144701671,1.0,1.4285714285714286
0.0,5.6335027751876,0.0,5.567638137078003,0.0,6.163468915802529,0.0,5.909555838252166,0.0,5.526386168752185,1.0,1.4285714285714286
0.0,5.6112514703980665,0.0,5.638495891462587,0.0,6.080349534944781,0.0,6.1309626068610354,0.0,5.339562176725357,1.0,1.4285714285714286
0.0,5.599292419743465,0.0,5.660353642675435,0.0,6.039713390036827,0.0,5.812135222635065,0.0,5.34439487085678,1.0,1.4285714285714286
0.0,5.660606610685209,0.0,5.68990673435631,0.0,6.203458071922656,0.0,6.073593579144974,0.0,5.403591037653105,1.0,1.4285714285714286
0.0,5.345424610587624,0.0,5.520450367219128,0.0,5.916560216518691,0.0,6.032574659544118,0.0,5.226874813796204,1.0,1.4285714285714286
0.0,5.7076538419232445,0.0,5.518991172096108,0.0,6.020955974929619,0.0,5.8943040624733465,0.0,5.30314956436043,1.0,1.4285714285714286
0.0,5.323495236133744,0.0,5.213688587912714,0.0,5.749101885097724,0.0,5.427408204125677,0.0,4.902292411574423,1.0,1.4285714285714286
0.0,5.670736881693488,0.0,5.558498515680101,0.0,6.131309819845127,0.0,5.9466403611048655,0.0,5.378063553074862,1.0,1.4285714285714286
0.0,5.642698652236402,0.0,5.724757318697282,0.0,6.240710282024894,0.0,6.1846095407079655,0.0,5.468087136787111,1.0,1.4285714285714286
0.0,5.505706379833208,0.0,5.645008110403888,0.0,5.877403236062767,0.0,5.990104164005549,0.0,5.362866210495609,1.0,1.4285714285714286
0.0,5.87673084625989,0.0,5.955284000878254,0.0,6.408347688296049,0.0,6.352239740848415,0.0,5.564216843832002,1.0,1.4285714285714286
0.0,5.604707460640082,0.0,5.782495927059304,0.0,6.088924832469725,0.0,6.0797391763312,0.0,5.316380997441424,1.0,1.4285714285714286
0.0,5.603120630262511,0.0,5.753645210680533,0.0,6.069037670488639,0.0,6.096031738964985,0.0,5.391850025146246,1.0,1.4285714285714286
0.0,5.63207521549291,0.0,5.46113390696314,0.0,6.142436063317593,0.0,5.858862759545891,0.0,5.255960796526254,1.0,1.4285714285714286
0.0,5.51846848694017,0.0,5.697408219792294,0.0,5.943839435846551,0.0,5.972106778901541,0.0,5.290938069050643,1.0,1.4285714285714286
0.0,5.099182709411797,0.0,5.462410932790612,0.0,5.66666857791448,0.0,6.048519877862633,0.0,5.107758689746506,1.0,1.4285714285714286
0.0,5.561372679426264,0.0,5.799639235927622,0.0,6.055220080671533,0.0,6.01769936097527,0.0,5.378659559091453,1.0,1.4285714285714286
0.0,5.771208111569578,0.0,5.84551307496186,0.0,6.298526407092392,0.0,6.295227381928712,0.0,5.396607230782095,1.0,1.4285714285714286
0.0,5.412761524854771,0.0,5.52468112351705,0.0,5.905688421549009,0.0,5.900166596211832,0.0,5.236687317843372,1.0,1.4285714285714286
0.0,5.506768369153385,0.0,5.68816638377652,0.0,5.935428691867013,0.0,6.1952711760085295,0.0,5.250373352520104,1.0,1.4285714285714286
0.0,5.546100117175466,0.0,5.7136292434551805,0.1112727691254883,5.913804941048519,0.0,6.049980562047126,0.0,5.392689422041828,1.0,1.4285714285714286
0.0,5.462323312576129,0.0538952995652555,5.67506102876411,0.0,5.96867365768495,0.2051094851452911,5.9891010779857545,0.0,5.1999155000475765,1.0,1.4285714285714286
0.0,5.43759463665483,0.0,5.434646898601012,0.0,5.894232668199417,0.0,5.670544960693153,0.0,5.243240908274594,1.0,1.4285714285714286
0.0429770674179758,5.711431872934138,0.0,5.694191212768674,0.197817022424294,6.286854694123042,0.0121858235882754,6.015900668420388,0.0,5.386982736973647,1.0,1.4285714285714286
0.0,5.720703336296039,0.0,5.632436449316842,0.0,6.2302409342002925,0.0,6.006359992979057,0.0,5.465924925343221,1.0,1.4285714285714286
0.0,5.7757089739193725,0.0,5.707213024900455,0.0,6.285505426717687,0.0,6.066318172699405,0.0,5.411116896985209,1.0,1.4285714285714286
0.0,5.643504991590057,0.0,5.80538239618901,0.0,6.1598426083780815,0.0,6.052215035017536,0.0,5.402613978384335,1.0,1.4285714285714286
0.0,5.713383592845498,0.0,6.025354625562298,0.0,6.3841120464195065,0.0,6.436355305955972,0.0,5.521699180781126,1.0,1.4285714285714286
0.0,5.631831054861025,0.0,5.856974862294169,0.0,6.108412456701705,0.0,6.119324089515857,0.0,5.367550721836671,1.0,1.4285714285714286
0.0,5.320694382432138,0.0,5.442996551396505,0.0,5.640146115833394,0.0,5.782824016904756,0.0,5.142300049612462,1.0,1.4285714285714286
0.0,5.729773258060424,0.0,5.632905961254316,0.0,6.220557295232007,0.0,6.004910936192264,0.0,5.427882111480502,1.0,1.4285714285714286
0.0,5.864272686775738,0.0,5.821595555142405,0.0,6.261241131655785,0.0,6.269729020838238,0.0,5.426626578916872,1.0,1.4285714285714286
0.0,5.418031790720234,0.0,5.45059713861959,0.0,5.9374522272298655,0.0,5.783364631109609,0.0,5.251439524139032,1.0,1.4285714285714286
0.0,5.39878697085577,0.0,5.492731912406425,0.0,5.786808617858381,0.0,5.82261130102323,0.0,5.1203811588073,1.0,1.4285714285714286
0.0,5.547996383668263,0.0,5.758111619825633,0.0,6.2444901478845365,0.0,6.37372027045882,0.0,5.2443075149636895,1.0,1.4285714285714286
0.0,5.618327545227927,0.0,5.53252983225799,0.0,6.006951909807336,0.0,5.782478694387174,0.0,5.239526299081512,1.0,1.4285714285714286
0.0,5.616699983963027,0.0,5.659883070213908,0.0,6.2792684362239966,0.0,6.191957802240239,0.0,5.379760523442595,1.0,1.4285714285714286
0.0,5.649082768851977,0.0,5.556849065701152,0.02792217056033,6.208536157050988,0.0,5.985301948731609,0.0177469905290098,5.334432425185272,1.0,1.4285714285714286
0.0,5.413307159368543,0.0,5.243464649187975,0.0,6.004842580462341,0.0,5.523853639363387,0.0,5.018896544560816,1.0,1.4285714285714286
0.0,5.646487479992823,0.0,5.690211213700225,0.0,6.092253078466035,0.0,6.066537605688976,0.0,5.377436904253716,1.0,1.4285714285714286
0.0,5.644061115887012,0.0,5.818476974092916,0.0426961785335264,6.228177696724927,0.0347419293653722,5.843862149871198,0.0,5.433775184902389,1.0,1.4285714285714286
0.0,5.57289665429006,0.0,5.623173401702465,0.0,6.076601952313085,0.0,6.078372174398307,0.0,5.413272815419261,1.0,1.4285714285714286
0.0,5.582527902786937,0.0,5.69766892005752,0.0,6.0986994474018905,0.1225534944512228,5.958704165216862,0.0,5.318191061767962,1.0,1.4285714285714286
0.0,5.567702532512402,0.0,5.83661812617511,0.0,6.057132760190112,0.0,6.143619566680246,0.0,5.349654081038164,1.0,1.4285714285714286
0.0,5.563409079058032,0.0,5.387129261601806,0.0,6.087182994374251,0.032550426746021,5.689023783683015,0.0667866089052579,5.235579555820442,1.0,1.4285714285714286
0.0,5.827185692692164,0.0,5.802431652870901,0.0,6.1521463019408005,0.0,5.946301464468005,0.0,5.393119930076905,1.0,1.4285714285714286
0.0,5.492801341650089,0.0,5.485786556306388,0.0,6.002145525975435,0.0,5.567927678653871,0.0,5.253168577282648,1.0,1.4285714285714286
0.0,5.543386517683806,0.0,5.601776342299711,0.0,6.056225411603176,0.0,5.92873176538658,0.0,5.151316019825534,1.0,1.4285714285714286
0.0,5.992191973475419,0.0,5.842931703791366,0.0,6.605063212964816,0.0,6.1628010591128,0.0,5.643517860563075,1.0,1.4285714285714286
0.0,5.780722332461475,0.0,5.7301326235868375,0.0,6.232923668582393,0.0,5.89701450574517,0.0,5.343563172646195,1.0,1.4285714285714286
0.0,5.530587385576783,0.0,5.56800903364828,0.0,5.976561404416827,0.0,5.742942526273202,0.0,5.304340579695238,1.0,1.4285714285714286
0.0,5.318681914409711,0.0,5.580166642955311,0.0004226510481724,5.919416469895146,0.0,5.807376664768381,0.0,5.2468956609922826,1.0,1.4285714285714286
0.0,5.5804484793446605,0.0,5.651866744905149,0.0,6.118847968700229,0.0,6.18405502166046,0.0,5.247594266661558,1.0,1.4285714285714286
0.0,5.718758150120904,0.0,5.867317570120187,0.0,6.197344711926248,0.0,6.197282562921763,0.0,5.3332654697131385,1.0,1.4285714285714286
0.0,5.658706504734996,0.0,5.755999178689761,0.0,6.153796345419531,0.0802618500485513,6.231205418669336,0.0,5.448710514669569,1.0,1.4285714285714286
0.0,5.857600762613677,0.0,5.8015462457135465,0.0,6.414228933816212,0.0,6.208516926593845,0.0,5.4995414012612285,1.0,1.4285714285714286
0.0,5.7993952483131626,0.0,5.84161549484024,0.0,6.287363318384649,0.0,6.221420948983545,0.0,5.377626850640123,1.0,1.4285714285714286
0.0,5.808101757497326,0.0,5.770861465597904,0.0,6.362242708921573,0.0,5.971492265294123,0.0,5.411595426062724,1.0,1.4285714285714286
0.0,5.944257680990458,0.0,5.804863337475137,0.0,6.363306834467751,0.0,6.182815553329671,0.0,5.41807675195112,1.0,1.4285714285714286
0.0,5.656298491836703,0.0,6.046670616489891,0.0,6.182660504776485,0.0,6.442776102104239,0.0,5.51608676141741,1.0,1.4285714285714286
0.0,5.153147480856925,0.0,5.444640244148862,0.0,5.70866618583423,0.0,5.856614986737119,0.0,5.149689089087989,1.0,1.4285714285714286
0.0,5.360934209166191,0.0,5.655378036207601,0.0,5.886861587138862,0.0,6.020288085826887,0.0,5.225283920781401,1.0,1.4285714285714286
0.0,5.4449525051778505,0.0,5.447684737715879,0.0,6.049185943474932,0.0,5.95946243091333,0.0,5.213257634888086,1.0,1.4285714285714286
0.0,5.727791715591746,0.0,5.796846558990298,0.0,6.279543137781965,0.0,6.300558384481815,0.0,5.482644004704753,1.0,1.4285714285714286
0.0,5.364676489126103,0.0,5.500799340117246,0.0,5.784095741824106,0.0,5.84639888604762,0.0,5.0953633098128135,1.0,1.4285714285714286
0.0,5.642949542825328,0.0,5.843035458139465,0.0,6.200685133441348,0.0,6.111013437090189,0.0,5.492198882959833,1.0,1.4285714285714286
0.0,5.811144885057666,0.0,5.77708950131803,0.0,6.234710271335645,0.0,5.932274429492166,0.0,5.392394533995326,1.0,1.4285714285714286
0.0,5.632107831272882,0.0,5.700632659330004,0.0,6.253104884964886,0.0,6.000185685684985,0.0,5.442095587389948,1.0,1.4285714285714286
0.0,5.61831311482481,0.0,5.624035226200569,0.0,6.060887336792761,0.0951963960108911,5.974564663282299,0.0,5.366626515163105,1.0,1.4285714285714286
0.0,5.505431827466101,0.0,5.548476211781227,0.0,6.010686689674311,0.0,5.805807212512755,0.0,5.234795881696232,1.0,1.4285714285714286
0.0,5.661728632776738,0.0,5.832042947227496,0.0,6.225045564333957,0.0,6.181645383388113,0.0,5.552426170964918,1.0,1.4285714285714286
0.0,5.678423675985583,0.0,5.4338607633762335,0.0,6.237171168429208,0.0,5.862341874559041,0.0,5.291419098171363,1.0,1.4285714285714286
0.0,5.750159108217188,0.0,5.561748013147267,0.0,6.222758408386397,0.0,5.940752415630752,0.0,5.27726430316608,1.0,1.4285714285714286
0.0,5.901894387312476,0.0105635439541857,5.97666318045338,0.1349810306582611,6.29028643380207,0.1012438908767049,6.166970112848444,0.0,5.678093598503526,1.0,1.4285714285714286
0.0,6.006519965752097,0.0,5.948279911973738,0.0816341507876846,6.403471128307282,0.0,6.416958141927122,0.0,5.769876218854088,1.0,1.4285714285714286
0.0,5.468856386527991,0.0,5.752501750749416,0.0,6.043800821439854,0.0,6.04196464949273,0.0,5.336508181503234,1.0,1.4285714285714286
0.0,5.368476766089856,0.0,5.423935516882152,0.0,5.989736847410138,0.0,5.862018591654749,0.0,5.22319061062197,1.0,1.4285714285714286
0.0,5.654444297147434,0.0,5.58154464496929,0.0,6.192689141401332,0.0,6.005708878218592,0.0,5.544841637820427,1.0,1.4285714285714286
0.0,5.391947510014637,0.0,5.405194476605772,0.0,5.794160646472274,0.0,5.738174635899578,0.0,5.189102814868196,1.0,1.4285714285714286
0.0,5.399623346678552,0.0,5.377056457266545,0.0,5.962487069770336,0.0,5.877845025277664,0.0,5.180424351060059,1.0,1.4285714285714286
0.0,5.145229401746467,0.0,5.111485355345383,0.0,5.6367177333751215,0.0,5.452778221141663,0.0,4.931301657899257,1.0,1.4285714285714286
0.0,5.485740962713417,0.0,5.711374717871878,0.0,5.983794970138882,0.0,6.115334510018551,0.0,5.167533792645358,1.0,1.4285714285714286
0.0,5.600112732238124,0.0,5.697983271746288,0.0,6.078952791412421,0.0,5.994774694792684,0.0,5.303078877171438,1.0,1.4285714285714286
0.0,5.686428912624654,0.0,5.773132489711302,0.0,6.150107700554691,0.0,6.116171807615758,0.0,5.3294318341378535,1.0,1.4285714285714286
0.0,5.415923747039596,0.0,5.604432414226753,0.0,5.948340548892276,0.0,5.733582387741624,0.0,5.170733651988761,1.0,1.4285714285714286
0.0,5.4569729138059335,0.0,5.598257181163032,0.0,5.92840357591753,0.0,5.827409879889933,0.0,5.268916134495869,1.0,1.4285714285714286
0.0,5.442842715050776,0.0,5.461072753540697,0.0,6.012657952272808,0.0,5.7810743816601065,0.0,5.183135566527168,1.0,1.4285714285714286
0.0,5.680397209854757,0.0,5.773540502972107,0.0,6.204681106695729,0.0,6.090053696211844,0.0,5.362407602298755,1.0,1.4285714285714286
0.0,5.669270180495039,0.0,5.643673853966596,0.0,5.95465859344221,0.0,5.868848633028724,0.0,5.223389910617585,1.0,1.4285714285714286
0.0,5.732926748569366,0.0,5.41721090115931,0.0,6.202027208662357,0.0,5.850029747464978,0.0,5.243463673638815,1.0,1.4285714285714286
0.0,5.538887990175194,0.0,5.333037232619047,0.0,6.010400803943563,0.0,5.696345190350844,0.0,5.211398204146479,1.0,1.4285714285714286
0.0,5.520611214424158,0.0,5.465334770320955,0.0,6.022464012713527,0.0,5.90358176234562,0.0,5.228706593452,1.0,1.4285714285714286
0.0,5.6093389752725065,0.0,5.603219034218244,0.0,6.102268649538968,0.0,5.774012053629748,0.0,5.424498645831663,1.0,1.4285714285714286
0.0,5.59029172789744,0.0,5.583600294063671,0.0,6.133555034437846,0.0,5.966659134513067,0.0,5.185769333503428,1.0,1.4285714285714286
0.0,5.33274008254317,0.0,5.592735492114336,0.0,5.78822592403846,0.0256685998952232,5.782290169625453,0.0,5.046361203506102,1.0,1.4285714285714286
0.0,5.733834018336604,0.0,5.948478648037662,0.0,6.245423791139323,0.0,6.319865468532332,0.0,5.505291527668199,1.0,1.4285714285714286
0.0,5.836346324075339,0.0,5.629837689476198,0.0,6.192169309112497,0.0,5.944102216383259,0.0,5.283351979699619,1.0,1.4285714285714286
0.0,5.872976577458556,0.0,5.6423141308020845,0.0,6.292306891957427,0.0,5.987952289713117,0.0,5.517566647192411,1.0,1.4285714285714286
0.0,5.246580777508111,0.0,5.607481724933739,0.0,5.65063366194652,0.0,5.990349451608404,0.0,5.2344114562117365,1.0,1.4285714285714286
0.0,5.397867871952448,0.0,5.411945823961658,0.0,5.829144607506392,0.0,5.526756451230473,0.0,5.072788398634067,1.0,1.4285714285714286
0.0,5.657345570406654,0.0250662298038264,5.878255657455724,0.0,6.166958175315309,0.1224704672346525,6.192539018625016,0.0,5.4456008347614695,1.0,1.4285714285714286
0.0,5.626419130124229,0.0,5.865723620181503,0.0,6.183636732854085,0.1635980923596385,6.256654146983238,0.0,5.450297773444347,1.0,1.4285714285714286
0.0,5.349258485144154,0.0,5.522922904694045,0.0,5.838685541372746,0.0,5.886337642889779,0.0,5.173625701946265,1.0,1.4285714285714286
0.0,5.56825250164118,0.0,5.525187523413425,0.0,6.063952085511224,0.0,5.827088806540905,0.0,5.273769958526477,1.0,1.4285714285714286
0.0,5.488446914996613,0.0,5.297501539946881,0.0,6.002778359343988,0.0,5.717049958414489,0.0,5.104226954064468,1.0,1.4285714285714286
0.0,5.683064680131223,0.0,5.758432653815534,0.0,6.19958695547714,0.0,6.155488259426365,0.0,5.452669204614725,1.0,1.4285714285714286
0.0095464036088787,5.5720933024286845,0.0432983940289536,5.613956632858463,0.122329096014607,6.045962586756844,0.1916499973242371,5.982472193375239,0.1028799648185358,5.388773563324866,1.0,1.4285714285714286
0.0,5.623170839802006,0.0,5.476392432639174,0.0,6.07379771382709,0.0,5.853640014122177,0.0,5.2810487534116906,1.0,1.4285714285714286
0.0,5.656439875932807,0.0,5.734243897550811,0.0,6.1559423166842935,0.0,6.18531390877422,0.0,5.298977421223098,1.0,1.4285714285714286
0.0,5.396921867562038,0.0,5.435846015729485,0.0,5.915484320842502,0.0527645546046417,5.692516750508112,0.0,5.162897734954274,1.0,1.4285714285714286
0.0,5.690057457209844,0.0,5.732714526485895,0.0,6.124198993210308,0.0,6.08230361652691,0.0,5.424370711121679,1.0,1.4285714285714286
0.0,5.730626798256056,0.0,5.725078634269946,0.0,6.178149643347442,0.0,6.1213592708089175,0.0,5.40271193006634,1.0,1.4285714285714286
0.0,5.694107903808037,0.0,5.545983107785092,0.0,6.099155329625672,0.0,5.889036580435528,0.0,5.222662738475636,1.0,1.4285714285714286
0.0,5.811637165961965,0.0,5.622633814980476,0.0,6.25942096898375,0.0,5.998916536409913,0.0,5.271710707476508,1.0,1.4285714285714286
0.0,5.778383655742914,0.0,6.013760334641368,0.0,6.419030388127719,0.0,6.606803002729339,0.0,5.582505360073373,1.0,1.4285714285714286
0.0,5.421848118343821,0.0,5.68671070348667,0.0,5.921136018249648,0.0,6.272462774563202,0.0,5.373202624401841,1.0,1.4285714285714286
0.0,5.477801090770946,0.0,5.393460684357953,0.0561600393915061,5.925263786247045,0.0,5.762390830477656,0.0,5.203612235782138,1.0,1.4285714285714286
0.0,5.494477110694233,0.0,5.671330160690357,0.0,5.784076894261943,0.0,5.81595440219059,0.0,5.17260322774393,1.0,1.4285714285714286
0.0,5.792352377187283,0.0,5.970956066029544,0.0,6.279171247708142,0.0,6.048197481880769,0.0,5.5186108106467495,1.0,1.4285714285714286
0.0,5.2883366735180015,0.0,5.7567771542284,0.0,5.715783003957577,0.0,5.889355855903008,0.0,5.204145434591934,1.0,1.4285714285714286
0.0,5.406365551388706,0.1650790275547922,5.526578543862902,0.166932040325522,5.801464569758352,0.2573427609635906,5.549337451981278,0.1390074787858046,5.201407266933908,1.0,1.4285714285714286
0.0,5.600732921255124,0.0,5.6031294673007,0.0,6.123654204433082,0.2145322406721699,5.838914409636359,0.0,5.1771440487510745,1.0,1.4285714285714286
0.0,5.55454832086701,0.0,5.607223448476136,0.0,6.092209391402669,0.0,6.022413781271091,0.0,5.341481610374297,1.0,1.4285714285714286
0.0,5.449725325566383,0.0,5.609622489779437,0.0,6.036837592387748,0.0,5.990977953745077,0.0,5.187967096797068,1.0,1.4285714285714286
0.0,5.8554500282864765,0.0,5.951507375744116,0.0597652849036826,6.39877972537334,0.0,5.960388974519468,0.0,5.516871266960987,1.0,1.4285714285714286
0.0,5.772113954158973,0.0,5.816336227262194,0.0,6.229350092433973,0.0,6.062307628771862,0.0,5.42360355703154,1.0,1.4285714285714286
0.0,5.688818453485794,0.0,5.650156674880734,0.0,6.059001789395883,0.0152135379977803,5.904770832899865,0.0,5.419959274628307,1.0,1.4285714285714286
0.0,5.527602180811628,0.0,5.630125449943941,0.0,6.08271608681962,0.0,5.935151404393766,0.0,5.249962252561147,1.0,1.4285714285714286
0.0,5.569029337589964,0.0,5.617246130950916,0.0,6.014366209920462,0.0,5.905807837665214,0.0,5.334178725552648,1.0,1.4285714285714286
0.0,5.774725556039546,0.0,5.623792475273792,0.0,6.305827274877217,0.0,6.089733069738736,0.0,5.431237116108371,1.0,1.4285714285714286
0.0,5.7174621007697,0.0,5.714038157704297,0.0,6.129843795154221,0.0,6.124746220200999,0.0,5.419987596722825,1.0,1.4285714285714286
0.0,5.52970730431838,0.0,5.616075065507221,0.0,6.04476714116594,0.0,6.02380720519138,0.0,5.291483391018705,1.0,1.4285714285714286
0.0703517328712807,5.6620368696071175,0.1375787050505745,5.680787988140513,0.2424549118636987,6.040429524374012,0.2950967805745451,5.781447824964049,0.10036418142953,5.272739959760918,1.0,1.4285714285714286
0.0,5.488504182884636,0.0,5.658638392946735,0.0,6.022865424215095,0.0,6.074528245897874,0.0,5.3559157237276205,1.0,1.4285714285714286
0.0,5.491573380835495,0.0,5.680365032912713,0.0,5.945154133185819,0.0,6.057097615636267,0.0,5.371906736750786,1.0,1.4285714285714286
0.0,5.451209911159395,0.0,5.631650970133183,0.0,5.990447400802299,0.0,5.962606854483612,0.0,5.336032971816506,1.0,1.4285714285714286
0.0,5.668729478973431,0.0,5.621238907255142,0.0,6.254675859897872,0.0,5.794003168123255,0.0,5.34979322342422,1.0,1.4285714285714286
0.0,5.661394181100463,0.0,5.3969894370356775,0.0,6.14662249336399,0.0,5.763174695912318,0.0,5.295970988099339,1.0,1.4285714285714286
0.0,5.511214044331022,0.0,5.283873769533931,0.0,6.0370133666762165,0.0,5.629200201349612,0.0,5.155615861927066,1.0,1.4285714285714286
0.0,5.314759692063015,0.0,5.405876367805293,0.0,5.916009121625398,0.0,5.55033912071669,0.0,5.229376843603692,1.0,1.4285714285714286
0.0,5.816687177957154,0.0,5.822660713711446,0.0,6.430424237258791,0.0,6.10527137781686,0.0,5.469556598916991,1.0,1.4285714285714286
0.0,5.7150010047324855,0.0,5.423712969356949,0.0,6.20223089398874,0.0,5.669764767965266,0.0,5.280788659666478,1.0,1.4285714285714286
0.0,5.792015124718198,0.0,5.716053373137616,0.0,6.2735775567341,0.0379982212990968,6.064687375393033,0.0849403452691371,5.382326972619382,1.0,1.4285714285714286
0.0,5.498694186451886,0.0,5.427402769913901,0.0,5.972958825426414,0.0,5.78635449707834,0.0,5.316743874747169,1.0,1.4285714285714286
0.0,5.628304136452485,0.0,5.491817697210224,0.1362672106373554,6.101724447873042,0.0075190439538236,5.751931228803544,0.0,5.304179888918725,1.0,1.4285714285714286
0.0,5.741875449637623,0.0,5.640508604243508,0.0,6.288636873229899,0.0,6.174832933278292,0.0,5.399609617419654,1.0,1.4285714285714286
0.0,5.675265751433994,0.0,5.47635608867318,0.0,6.06410881712396,0.0,5.80020976706119,0.0,5.263232973564178,1.0,1.4285714285714286
0.0,5.512113074211352,0.0,5.581071238034431,0.0,5.854465840031283,0.0,5.668153744037965,0.0,5.237952712318003,1.0,1.4285714285714286
0.0,5.592766098407012,0.0,5.695880687564059,0.0,6.075783286301106,0.0,5.908104314010629,0.0,5.533241676616248,1.0,1.4285714285714286
0.0,5.5901241314139,0.0,5.747953505942813,0.0,6.133254144037607,0.1912782174463975,6.044715650474663,0.0,5.357340087964736,1.0,1.4285714285714286
0.0,5.557894542457678,0.0,5.476712913112727,0.0,6.071791840042873,0.0,5.702404240138767,0.0,5.280743000736959,1.0,1.4285714285714286
0.0,5.705804831919223,0.0,5.633109620972603,0.0,6.170132299520056,0.0,5.825766813521736,0.0,5.253265715278975,1.0,1.4285714285714286
0.0,5.515281905725048,0.0,5.345866262757265,0.0,5.890709631782748,0.0,5.584337561951317,0.0,5.0361126259886735,1.0,1.4285714285714286
0.0,5.537198893733332,0.0,5.613908119813016,0.0449948392945012,5.989744277341856,0.0,6.05158732625728,0.0,5.278597849381487,1.0,1.4285714285714286
0.0,5.629286696462069,0.1609569894416256,5.390403647567628,0.0,6.014358198276584,0.226002156171238,5.645594027218199,0.0,5.192279260145681,1.0,1.4285714285714286
0.0,5.806850981018715,0.0,5.784887729372289,0.0,6.3200682075552,0.0,6.09448309910032,0.0,5.5539815851884535,1.0,1.4285714285714286
0.0,5.724471733550269,0.0,5.709604879851445,0.0,6.128697661590828,0.0,6.062184407876915,0.0,5.438696163542396,1.0,1.4285714285714286
0.0,5.713539505375879,0.0,5.650676574606597,0.0,6.353003897836425,0.0,5.962726344674596,0.0,5.490595320938556,1.0,1.4285714285714286
0.0,5.7447994643718605,0.0,5.857141126090122,0.0,6.182374735381961,0.0,6.21748331179787,0.0,5.277892532523545,1.0,1.4285714285714286
0.0,5.485579477190152,0.0,5.699816472261492,0.0,6.012783560707951,0.0,5.980398710361205,0.0,5.297236000987338,1.0,1.4285714285714286
0.0,5.651106269048564,0.0,5.587369298096106,0.0,6.232249269707292,0.0,6.01178404567962,0.0,5.32782946220283,1.0,1.4285714285714286
0.0,5.617872827951817,0.0,5.743764026540202,0.0,6.015118262235754,0.0,6.137810284229531,0.0,5.360416094224128,1.0,1.4285714285714286
0.0,5.670557224249955,0.0,5.665887421664992,0.0,6.049637108572264,0.0,5.931157923145864,0.0,5.250978768873648,1.0,1.4285714285714286
0.0,5.70189579213207,0.0,5.669348098592404,0.0,6.202340623974798,0.0,5.8640707017401805,0.0,5.435696862727509,1.0,1.4285714285714286
0.0,5.681822963588825,0.0,5.576263311625356,0.0,6.159141244911601,0.0,5.777060765195782,0.0,5.319805455216749,1.0,1.4285714285714286
0.0,5.782995731980236,0.0,5.657705341759817,0.0,6.391120250815744,0.0,6.225986921309289,0.0,5.537571817422741,1.0,1.4285714285714286
0.0,6.016468632734562,0.0,6.105678566687655,0.0,6.499607110707379,0.0,6.322181219747816,0.0,5.615973354619956,1.0,1.4285714285714286
0.0,5.72829747211065,0.0,5.861715476039096,0.0,6.3855747090127055,0.0,6.104976487475026,0.0,5.456606141001607,1.0,1.4285714285714286
0.0,5.639686384522622,0.0,5.933303938980396,0.0,6.2074893287796655,0.0,6.264921043871968,0.0,5.506844700047644,1.0,1.4285714285714286
0.0,5.6209791915213865,0.0,5.647182832287751,0.0,5.94857890485681,0.0,5.657179076972176,0.0,5.277491155911174,1.0,1.4285714285714286
0.0,5.2758185080360365,0.0,5.502273013405857,0.0,5.92553050793807,0.0,5.858771489985641,0.0,5.258708340551742,1.0,1.4285714285714286
0.0,5.60842277113098,0.0,5.655334757828574,0.0,6.1762150824235045,0.0,6.315312761212098,0.0,5.552061498879716,1.0,1.4285714285714286
0.0,5.401133536296296,0.0,5.575225504282334,0.0,5.839799578997542,0.0,5.940966918971957,0.0,5.201399296544201,1.0,1.4285714285714286
0.0,5.560960476443119,0.0,5.337330736468582,0.0,6.025775833150496,0.0,5.421963173229707,0.0,5.05316809603823,1.0,1.4285714285714286
0.0,5.583278150269778,0.0,5.542149654623558,0.0,6.117348970567812,0.0,5.9303110577442,0.0,5.374268951472835,1.0,1.4285714285714286
0.0,5.578045718042669,0.0,5.6209091382854,0.0,6.075207880812912,0.0113254585871172,5.921201170871536,0.0,5.385237398566253,1.0,1.4285714285714286
0.0,5.502107713204754,0.0,5.341358560790868,0.0,6.058974809701938,0.0,5.716588730220716,0.0,5.26912120213766,1.0,1.4285714285714286
0.0,5.691699631409776,0.0,5.6059432188296014,0.0,6.286075273765514,0.0,5.961039882438087,0.0,5.385117748403656,1.0,1.4285714285714286
0.0,5.613039501724215,0.0,5.675598902812162,0.0,5.964638023039779,0.0,6.072573584229504,0.0,5.3009799024347695,1.0,1.4285714285714286
0.0,5.513574292088776,0.0,5.651187011807111,0.0,6.094472290570389,0.0,6.008081644619906,0.0,5.321730341634995,1.0,1.4285714285714286
0.0,5.519215900763507,0.0,5.72517250593391,0.0,6.03363346131218,0.0,6.122671759471522,0.0,5.328776045068874,1.0,1.4285714285714286
0.0,5.443024787606713,0.0,5.381077595071022,0.0,6.029966191458163,0.0,5.936421451021413,0.0,5.1707042633627935,1.0,1.4285714285714286
0.0,5.699387512978792,0.0,5.672315123639124,0.0,6.271063322789778,0.0,6.047121292300683,0.0,5.289186497008959,1.0,1.4285714285714286
0.0,5.332912885356574,0.0,5.211257625621852,0.0,5.9127449216855865,0.0,5.603569528679975,0.0,5.0886524702158775,1.0,1.4285714285714286
0.0,5.615464655553133,0.0,5.631619781373672,0.0,6.128404978319264,0.0,6.129737701688743,0.0,5.287130072951097,1.0,1.4285714285714286
0.0,5.693713508208447,0.0,5.712706939808745,0.0,6.251815173669453,0.0,6.076224767272739,0.0,5.401828967622222,1.0,1.4285714285714286
0.0,5.789627731042631,0.0,5.78295685167044,0.0,6.361730259232281,0.0,6.023784364653379,0.0,5.456428829807339,1.0,1.4285714285714286
0.0,5.72555697100857,0.0,5.733852517349897,0.0,6.202086042318747,0.0,6.153260572143891,0.0,5.329088306445134,1.0,1.4285714285714286
0.0,5.655194170623109,0.0,5.555610137568056,0.0,6.097578108367363,0.0,6.005038986212674,0.0,5.384911213955132,1.0,1.4285714285714286
0.0,5.811221075071713,0.0,5.273951958712478,0.0,6.315111484016957,0.0,5.570360011876915,0.0,5.343521477623039,1.0,1.4285714285714286
0.0,5.494814815091274,0.0,5.683159769812992,0.0,5.763093581761154,0.0,5.7563043513495975,0.0,5.041760225932792,1.0,1.4285714285714286
0.0,5.6162047589814845,0.0,5.645818439344863,0.0,6.179190064097933,0.0839445580938832,6.169010540776917,0.0,5.466618445933335,1.0,1.4285714285714286
0.0,5.593482097250187,0.0,5.503884604025891,0.0,6.215810086034068,0.0,5.836125451559457,0.0,5.312673584581511,1.0,1.4285714285714286
0.0,5.51443966453322,0.0,5.544382896261415,0.0,6.0356317322077455,0.0,5.9285962173709015,0.0,5.243040953389013,1.0,1.4285714285714286
0.0,5.373976671700693,0.0,5.309209127219248,0.0,5.868746224226862,0.0,5.691821370297305,0.0,5.235041673718033,1.0,1.4285714285714286
0.0,5.606319017217727,0.0,5.491949954658826,0.0,6.0511582882369925,0.0,5.8017146651182285,0.0,5.228959375358802,1.0,1.4285714285714286
0.0,5.598086880171377,0.0,5.952567403123743,0.0,6.043139142506015,0.0,6.383675252191953,0.0,5.541422455200943,1.0,1.4285714285714286
0.0,5.775713367471619,0.0,5.60491860270916,0.0,6.152694153533194,0.0,6.0532270155724985,0.0,5.357811942405653,1.0,1.4285714285714286
0.0,5.676520974570589,0.0,5.457549204784031,0.0,6.030934915706487,0.0,5.755398762289975,0.0,5.368339701901223,1.0,1.4285714285714286
0.0,5.773238131941163,0.0,5.921240348829598,0.0,6.289230853802217,0.0,6.297149688950204,0.0,5.535956674715642,1.0,1.4285714285714286
0.0,5.571261426905672,0.0,5.531565719049265,0.0,6.005516427662787,0.0,5.877151974786158,0.0,5.2030537398786105,1.0,1.4285714285714286
0.0,5.544715120868137,0.0,5.513872970116584,0.0,5.965525975047666,0.0,5.810335953104674,0.0,5.310046124252362,1.0,1.4285714285714286
0.0,5.521810546666508,0.0,5.588695986444412,0.0,5.957226418758896,0.0,5.644923147547343,0.0,5.3146987391633305,1.0,1.4285714285714286
0.0,5.505175752171047,0.0,5.648654863995704,0.0,6.044022300509455,0.0,6.016884678250495,0.0,5.334550763134813,1.0,1.4285714285714286
0.0,5.324614189637115,0.0,5.4975614926214895,0.0,5.825652719584923,0.0,5.773507206707327,0.0,5.219456251016318,1.0,1.4285714285714286
0.0,5.5646659019335365,0.0,5.638781438087593,0.0,6.0394475812166935,0.018778668603141,5.853848869468877,0.0,5.203272421129707,1.0,1.4285714285714286
0.0,5.795551786007443,0.0,5.93705868413462,0.0626175056034849,6.333369741118194,0.0140338362685445,6.472799839113118,0.0,5.463266326820813,1.0,1.4285714285714286
0.0,5.366433906518237,0.0,5.491156508579151,0.0,5.869824597000814,0.0,5.892990086196444,0.0,5.221684015488319,1.0,1.4285714285714286
0.0,5.609710657309972,0.0,5.437722267758984,0.0,6.219998135457297,0.0,5.715870973152894,0.0,5.272409139915989,1.0,1.4285714285714286
0.0,5.676162102081329,0.0,5.719288299628512,0.0,6.168511564928905,0.0,6.164627731738219,0.0,5.395496620486642,1.0,1.4285714285714286
0.0,5.394523252866453,0.0,5.511126180110954,0.0,5.803001953269118,0.0,5.983678113056571,0.0,5.406123272333083,1.0,1.4285714285714286
0.0,5.853439616501181,0.0,5.87524796638819,0.1120560932780155,6.14336360481171,0.0181308992461177,6.328165397300923,0.0,5.442219657219269,1.0,1.4285714285714286
0.0,5.468489442868504,0.0,5.458786556592346,0.0,5.954324330962899,0.0,5.950144068406015,0.0,5.306288131587666,1.0,1.4285714285714286
0.0,5.666798088293478,0.0,5.7762581412876095,0.0,6.134620167301194,0.0,6.031024678259594,0.0,5.446849507769112,1.0,1.4285714285714286
0.0,5.643896489078808,0.0,5.663316243259094,0.0,6.179315984831873,0.0,5.861278880623363,0.0,5.361671765450143,1.0,1.4285714285714286
0.0,5.516729398375342,0.0,5.613497511757451,0.0,6.150543882497515,0.0,6.052494093117261,0.0,5.400220020527733,1.0,1.4285714285714286
0.0,5.476714112643741,0.0,5.503768401663741,0.0,5.951651597690033,0.0,5.885935799002099,0.0,5.271949900730622,1.0,1.4285714285714286
0.0,5.542757687025742,0.0,5.627774289786504,0.0,6.0764849519162265,0.0,6.037977980273929,0.0,5.2715104561444495,1.0,1.4285714285714286
0.0,5.671731051705828,0.0,5.663542929140886,0.0,6.247925703921329,0.0,6.032876895708692,0.0,5.337237455881573,1.0,1.4285714285714286
0.0,5.860719486975847,0.0,5.978511551098936,0.0,6.14688404287533,0.0,6.073810862937223,0.0,5.554198931278576,1.0,1.4285714285714286
0.0,5.485991785209091,0.0,5.629252137431579,0.0,6.028288848801344,0.0,5.83649788948632,0.0,5.407950648821114,1.0,1.4285714285714286
0.0,5.473481889692533,0.0,5.423500713417911,0.0,5.994873366799252,0.0,5.932555309288811,0.0,5.113970424120401,1.0,1.4285714285714286
0.0,5.321628131124522,0.0,5.313061121614043,0.0,5.822512184314332,0.0,5.804891203426275,0.0,5.227006653576561,1.0,1.4285714285714286
0.0,5.634667265875485,0.0,5.665589618409296,0.0,6.244911074257872,0.0,6.021357358300083,0.0,5.432927978432368,1.0,1.4285714285714286
0.0,5.432555992459332,0.0,5.479543649918305,0.0,5.918713215599299,0.0,5.839309384559629,0.0,5.228369077779846,1.0,1.4285714285714286
0.0,5.649317618402346,0.0,5.583208633408772,0.0,6.152747636674133,0.0,6.049841432076818,0.0,5.209474703774581,1.0,1.4285714285714286
0.0,5.620642640761393,0.0,5.528238217793095,0.0,6.0407961808615385,0.0,5.876318193946875,0.0,5.288026114249105,1.0,1.4285714285714286
0.0,5.654447346545756,0.0,5.616926229033411,0.0,6.274984968920241,0.0,5.820972726741397,0.0,5.4201663735655945,1.0,1.4285714285714286
0.0,5.85581213100574,0.0,5.875411689749603,0.0,6.222439175738777,0.0,6.020234847470987,0.0,5.491393021246204,1.0,1.4285714285714286
0.0,5.4501601406517866,0.0,5.704195114664888,0.0,5.958858208896752,0.0,5.967528112370337,0.0,5.317845541823221,1.0,1.4285714285714286
0.0,5.31994948397285,0.0,5.340802338819371,0.0,5.710502276544943,0.0,5.7342826196361605,0.0,5.1781985170611655,1.0,1.4285714285714286
0.0,5.552192228607788,0.0,5.689891489892367,0.0,5.920007886577369,0.0,5.954022345549556,0.0,5.332693924193384,1.0,1.4285714285714286
0.0,5.566793395348223,0.0,5.626179321417882,0.0,5.9903534880712375,0.0,5.743883649212395,0.0,5.143932043802776,1.0,1.4285714285714286
0.0,5.643036008666204,0.0,5.781716107109543,0.0,5.969442813832652,0.0,6.1064296634501645,0.0,5.409554224992508,1.0,1.4285714285714286
0.0,5.58074619725576,0.0,5.678374919392142,0.0,6.057687324379129,0.0,6.201183873692689,0.0,5.413753458193196,1.0,1.4285714285714286
0.0,5.5659967324647255,0.0,5.59881726176339,0.0,5.962716161370706,0.0,5.829119128482927,0.0,5.13137182035008,1.0,1.4285714285714286
0.0,5.62756989402255,0.0,5.804481833383944,0.0,6.0782223356903,0.0,6.053386436644838,0.0,5.380862695405053,1.0,1.4285714285714286
0.0,5.7268430905915855,0.0,5.837377401590845,0.0,6.210810448198432,0.0,6.078647555402015,0.0,5.454519702746126,1.0,1.4285714285714286
0.0,5.7648879911950095,0.0,5.738402002223765,0.0,6.213591954698156,0.0,5.995043923977637,0.0,5.440868003507107,1.0,1.4285714285714286
0.0,5.580907559670514,0.0,5.711859811295378,0.0,6.115682746521932,0.1708405920353917,6.012904380494156,0.0,5.284977160546671,1.0,1.4285714285714286
0.0,5.621997458606096,0.0,5.653370516170556,0.0,6.213656709763625,0.0,5.900783908778399,0.0,5.348746355953836,1.0,1.4285714285714286
0.0,5.570717944658052,0.0,5.835158638339334,0.0,5.969106503152978,0.0,6.227688302074132,0.0,5.3535124321296506,1.0,1.4285714285714286
0.0,5.580063243020392,0.0,5.522044453105552,0.0,6.088056478913979,0.0,5.988735577664278,0.0,5.235101671941577,1.0,1.4285714285714286
0.0,5.592473588040276,0.0,5.714762814059987,0.0,6.091937692425051,0.0,6.08575629332115,0.0,5.311331437166297,1.0,1.4285714285714286
0.0,5.8221240610845335,0.0,5.904654939721647,0.0,6.172420745364277,0.0,6.331852334103794,0.0,5.418114959640123,1.0,1.4285714285714286
0.0,5.590980972222748,0.0,5.409807853482333,0.0,6.041942012431496,0.0,5.758877337115491,0.0,5.227541702416267,1.0,1.4285714285714286
0.0,5.271693119969742,0.0,5.3549351989729965,0.0,5.771353289961392,0.0,5.783995439968018,0.0,5.011282853953772,1.0,1.4285714285714286
0.0,5.393020632885868,0.0,5.575442037093436,0.0,5.808992093277847,0.0,5.903875667480021,0.0,5.144850255351482,1.0,1.4285714285714286
0.0,5.7660928798037006,0.0,5.625034863687238,0.0,6.324841798680336,0.0,6.035118571190932,0.0,5.455858118262569,1.0,1.4285714285714286
0.0,5.517469469140241,0.0,5.666951219717961,0.0,6.023113472052258,0.0,5.855999386677606,0.0,5.264833373984191,1.0,1.4285714285714286
0.0,5.8408206400951554,0.0,5.951739008900334,0.0,6.161247468556114,0.0,5.695422446623103,0.0,5.403677689494147,1.0,1.4285714285714286
0.0,5.44959560970574,0.0,5.575614590080782,0.0,5.967001839983118,0.0799788509254004,6.000913451056175,0.0,5.315832529157919,1.0,1.4285714285714286
0.1149770271195345,5.492181515722813,0.0,5.311928011422155,0.2360671290901831,6.070603022137109,0.0,5.803630213923367,0.0,5.213206825194908,1.0,1.4285714285714286
0.0,5.626966580081657,0.0,5.533696900288408,0.0,6.118165189572978,0.0,5.873564315256617,0.0,5.238273330420514,1.0,1.4285714285714286
0.0,5.573452648135467,0.0,5.65530728572385,0.0,6.04805927123561,0.0,6.082884098837791,0.0,5.2735700385814335,1.0,1.4285714285714286
0.0,5.275352177630815,0.0,5.420490557425939,0.0,5.7948264939348535,0.0,5.81453921801336,0.0,5.0436182817849655,1.0,1.4285714285714286
0.0,5.446002994036892,0.0,5.396973549749459,0.0,5.904307353145995,0.0,5.710579273667533,0.0,5.212330332886549,1.0,1.4285714285714286
0.0,5.5418350399733445,0.0,5.568385335548148,0.0,5.88376647284294,0.0,5.820992628835906,0.0,5.221686784339158,1.0,1.4285714285714286
0.0,5.374749582532312,0.0,5.564638099921818,0.0,5.825751515044666,0.0,5.960223704272656,0.0,5.264957636704571,1.0,1.4285714285714286
0.0,5.461067482954363,0.0,5.622614897198176,0.0,5.878636640515654,0.0,5.967719705917507,0.0,5.225281934363217,1.0,1.4285714285714286
0.0,5.63924442654021,0.0,5.690411638688524,0.0,6.253822524401919,0.0,6.051535511551839,0.0,5.376336537269776,1.0,1.4285714285714286
0.0,5.834123820425801,0.1928207403760184,5.877667317702148,0.0,6.284601325501309,0.1651323821218664,6.153170138937207,0.0,5.518435441097199,1.0,1.4285714285714286
0.0,5.407421566020828,0.0,5.369400129895483,0.0,5.672971089593309,0.0,5.681135228129385,0.0,5.084846297715315,1.0,1.4285714285714286
0.0,5.490863302392595,0.0,5.538129855122001,0.0,6.01696250794916,0.0,5.880276251848389,0.0,5.3249199153324485,1.0,1.4285714285714286
0.0,5.515556003045166,0.0,5.948182201079383,0.0,6.088062534503437,0.0,6.454508444504155,0.0,5.551881345279745,1.0,1.4285714285714286
0.0,5.248599048816173,0.0271780304821357,5.4435173584215,0.0652783235228877,5.763152169891925,0.2046866041908639,5.874402435821647,0.0677242476271507,5.145608109441886,1.0,1.4285714285714286
0.0,5.468353699644839,0.0,5.45062253908017,0.0,6.025531412957501,0.0,5.818443957940238,0.0,5.262630206407715,1.0,1.4285714285714286
0.0,5.704941030700997,0.0,5.456264755650851,0.0,6.218172492199184,0.0253782538512044,5.747108446800066,0.0,5.313898520089717,1.0,1.4285714285714286
0.0,5.611015690495994,0.0,5.553191519832838,0.0,6.066597458722763,0.0,5.844820301604397,0.0,5.201129687119348,1.0,1.4285714285714286
0.0,5.645900322830492,0.0,5.750199230646712,0.0,6.0470824009959605,0.0,5.911146777086259,0.0,5.376602130883031,1.0,1.4285714285714286
0.0,5.4380237673984935,0.0,5.744409175377249,0.0,5.916908761741596,0.0,6.002386301593905,0.0,5.338667930349631,1.0,1.4285714285714286
0.0,5.531529938013505,0.0,5.70213481339752,0.0,6.008673006928013,0.0,5.958347954988676,0.0,5.287742863664816,1.0,1.4285714285714286
0.0,5.662285381427132,0.0,5.746499061571547,0.0,6.075919174629112,0.0,6.173958001639759,0.0,5.4084204526722335,1.0,1.4285714285714286
0.0,5.642385699216672,0.0,5.637359979188401,0.0,6.18782373752379,0.0,6.000861766297396,0.0,5.30495727776445,1.0,1.4285714285714286
0.0,5.731103363509149,0.0,5.748405696347611,0.0,6.277249164439088,0.0,6.037024603093912,0.0,5.489985475700891,1.0,1.4285714285714286
0.0,5.46918339541247,0.0,5.4175554273134665,0.0,5.909026262802173,0.0,5.817744832912094,0.0,5.226548375494859,1.0,1.4285714285714286
0.0,5.401979910990396,0.0,5.512591697606733,0.0,5.954467740532935,0.0,5.89071486852022,0.0,5.227030897454666,1.0,1.4285714285714286
0.0,5.830963870444107,0.0,5.606412180047893,0.0,6.354563202561926,0.0,5.83627793158518,0.0,5.345724464589875,1.0,1.4285714285714286
0.0,5.445220213796425,0.0,5.699632255246658,0.0,5.991507927792177,0.0,5.937761177880533,0.0,5.326460575022439,1.0,1.4285714285714286
0.0,5.347780353895007,0.0,5.345344623450675,0.0,5.662710244650749,0.0,5.531849749540824,0.0,5.099837029396358,1.0,1.4285714285714286
0.0,5.4636631115601455,0.0,5.566291281888335,0.1086434340250793,5.966524362451394,0.0,5.891108307680471,0.0,5.367346469450935,1.0,1.4285714285714286
0.0,5.574712576706505,0.0,5.797905726381897,0.0,6.003802576271132,0.0,6.10058235336222,0.0,5.378460964992949,1.0,1.4285714285714286
0.0,5.700242196435194,0.0,5.738946855694399,0.0,6.2092094617749565,0.0,6.085572612238638,0.0,5.430161606881231,1.0,1.4285714285714286
0.0,5.544925065128156,0.0,5.359897349267502,0.0,6.085991449052746,0.0,5.81008076433065,0.0,5.2008852232372496,1.0,1.4285714285714286
0.0,5.598906032152772,0.0,5.6954315033910525,0.0,6.116507278884373,0.0,6.083084509240488,0.0,5.34182850895722,1.0,1.4285714285714286
0.0,5.503391774807059,0.0,5.530261721983481,0.0,6.016049000679509,0.0,5.997923953346327,0.0,5.197520065215936,1.0,1.4285714285714286
0.0,5.649057760789668,0.0,5.518181438555109,0.0,6.089747491862243,0.0821559264078917,5.850680623364955,0.0,5.404641784350276,1.0,1.4285714285714286
0.0,5.621788579981508,0.0,5.567318796467725,0.0,6.019507196495552,0.0,5.927121100882905,0.0,5.2890018047140215,1.0,1.4285714285714286
0.0,5.605568030089046,0.0,5.615723547089993,0.0,6.243583510197031,0.0,5.968286020211991,0.0,5.39479351850891,1.0,1.4285714285714286
0.0,5.712807780407511,0.0,5.769550895184435,0.0,6.122309418182588,0.0,6.089135501677799,0.0,5.4530648797224845,1.0,1.4285714285714286
0.0,5.785319885616494,0.0,5.780376608328012,0.0,6.169446430294104,0.0,6.223730706680462,0.0,5.429107104663688,1.0,1.4285714285714286
0.0,5.452805422819104,0.0,5.618134666042037,0.0,5.915986209987424,0.0,5.824788820143428,0.0,5.282291207517927,1.0,1.4285714285714286
0.0,5.569597560487989,0.0,5.557788986408803,0.0,6.09105419922166,0.0,5.769909425302941,0.0,5.286449715596115,1.0,1.4285714285714286
0.0,5.19516774238968,0.0,5.414557962050032,0.0,5.534792774861018,0.0,5.598005875855415,0.0,4.89997462099149,1.0,1.4285714285714286
0.0,5.754407345076658,0.0,5.954004408424876,0.0701390339815524,6.308983651174032,0.0088607727883131,6.337442216568448,0.0,5.5320254383399154,1.0,1.4285714285714286
0.0,5.510050405295367,0.0,5.78987479582327,0.0,5.991241285033063,0.0,6.1166634053983655,0.0,5.324673232353438,1.0,1.4285714285714286
0.0,5.667863087929836,0.0,5.6151985900250665,0.0,6.167399247304378,0.0,5.96687418239347,0.0,5.346142526307467,1.0,1.4285714285714286
0.0,5.268658704167812,0.0,5.311437730853427,0.0,5.787203738711793,0.0,5.635178128264238,0.0,4.985592482892391,1.0,1.4285714285714286
0.0,5.451243805110814,0.0,5.581585075886262,0.0,5.728209105767717,0.0,5.849691468070477,0.0,5.114158662894589,1.0,1.4285714285714286
0.0,5.536754254041095,0.0,5.6234785585504525,0.0,6.01636834383557,0.0,5.939514846775835,0.0,5.290608103389454,1.0,1.4285714285714286
0.0,5.19147431620842,0.0,5.3815534271736745,0.0,5.514441748211563,0.0,5.74784124691362,0.0,5.066687689151363,1.0,1.4285714285714286
0.0,5.220795819096855,0.0,5.506288335369929,0.0,5.74213564141771,0.0,5.8093912959738905,0.0,5.1931096088842805,1.0,1.4285714285714286
0.0,5.848733478607446,0.0,5.961031562378742,0.0,6.399364818820887,0.0,6.424133702581673,0.0,5.581968991077167,1.0,1.4285714285714286
0.0,5.539883002523018,0.0,5.6996280985028935,0.0,5.943397926074275,0.0,5.934811271371843,0.0,5.530044463436027,1.0,1.4285714285714286
0.0,5.540250067641202,0.0,5.504691830081664,0.0,6.064393792724491,0.0,5.760498342009615,0.0,5.123963064305835,1.0,1.4285714285714286
0.0,5.83461931422263,0.0,5.706358611604795,0.0,6.318470320104602,0.0,6.095371143161006,0.0,5.54547552635848,1.0,1.4285714285714286
0.0,5.56043254326086,0.0,5.515445892635571,0.0,6.09708473748936,0.0,5.8883544132258265,0.0,5.141259985205434,1.0,1.4285714285714286
0.0,5.654592203012326,0.0,5.691725717307147,0.0,6.14294843715665,0.0,6.005957450519446,0.0,5.473233368407365,1.0,1.4285714285714286
0.0,5.594848790126245,0.0,5.54623450456513,0.0,6.020794266511952,0.0,6.049087532306147,0.0,5.331214940862724,1.0,1.4285714285714286
0.0,5.468489471884855,0.0,5.280558559411944,0.0,5.962658778338113,0.0,5.5758014448761095,0.0,5.22090007474303,1.0,1.4285714285714286
0.0,6.025041448966846,0.0,5.8610621097371,0.0,6.4238908441140605,0.0,6.338618692379777,0.0,5.549939316177784,1.0,1.4285714285714286
0.0,5.860999529959732,0.0,5.805720364202137,0.0,6.373315768007124,0.0,6.179384986673898,0.0,5.505623460919573,1.0,1.4285714285714286
0.0,5.724913601979861,0.0,5.670336495996625,0.0,6.206080320019977,0.0,6.101476109301367,0.0,5.3790318576111655,1.0,1.4285714285714286
0.0,5.723379352869217,0.0,5.686398487705066,0.0,6.196771440225872,0.0,6.224113424700405,0.0,5.448363031443197,1.0,1.4285714285714286
0.0,5.556309758629415,0.067749703551374,5.815977018619289,0.091051826876456,6.151209761695096,0.1365752725244291,6.287518853583202,0.0,5.471922341094359,1.0,1.4285714285714286
0.0,5.866806123863739,0.0,5.811841354597788,0.0,6.254730252052513,0.0,6.244518753489727,0.0,5.39813348229016,1.0,1.4285714285714286
0.0,5.649149509453374,0.0,5.83586485285142,0.0,5.978523189248366,0.0,6.190357983471827,0.0,5.39785504211405,1.0,1.4285714285714286
0.0,5.487801724180428,0.0,5.717007969023338,0.0509800422049207,6.003660234006087,0.0,6.020817787488892,0.0,5.265300830199234,1.0,1.4285714285714286
0.0,5.524475527973192,0.0,5.528947539866713,0.0,6.095784291795403,0.0,6.063745322720237,0.0,5.354242650976355,1.0,1.4285714285714286
0.0,5.832817748800044,0.0,5.542744620408371,0.0,6.452462349945769,0.0,6.006933462951301,0.0,5.421268531700012,1.0,1.4285714285714286
0.0,5.50589751650051,0.0,5.532129871355756,0.0,6.018624600982688,0.0,5.845071723216079,0.0,5.266012031245267,1.0,1.4285714285714286
0.0,5.72195685141102,0.0,5.804404234595876,0.0,6.1609684224298045,0.1171695157804751,5.982927848018149,0.0,5.442098910933466,1.0,1.4285714285714286
0.0,5.733677231355562,0.0,5.772852003665621,0.0,6.098428551769966,0.0,5.8447153953743465,0.0,5.5388255328497245,1.0,1.4285714285714286
0.0,5.831771230781178,0.0,5.678577320774507,0.0,6.3018298090004805,0.0,6.028725565954619,0.0,5.489346595562186,1.0,1.4285714285714286
0.0,5.761458337539593,0.0,5.848885371009557,0.0,6.225198541662711,0.0,6.111324059205721,0.0,5.418579765944797,1.0,1.4285714285714286
0.0,5.546147714383538,0.0,5.687019213052713,0.0,5.994667374122887,0.0,5.977823713194115,0.0,5.382226224143708,1.0,1.4285714285714286
0.0,5.411754755894606,0.0,5.638631669743089,0.0,5.837385813407004,0.0,5.912059363122031,0.0,5.212820798935201,1.0,1.4285714285714286
0.0,5.355575325022068,0.0,5.428985811304406,0.0788025055887339,5.903414046918921,0.0,5.904534552963914,0.0,5.218899230222799,1.0,1.4285714285714286
0.0,5.658368703418545,0.0,5.619849166975765,0.0,5.984516005706976,0.0,5.859593288903722,0.0,5.41552401610985,1.0,1.4285714285714286
0.0,5.449520021493109,0.0,5.478969977713797,0.0,6.085388869186584,0.0,5.814736752738167,0.0,5.251013230807846,1.0,1.4285714285714286
0.0,5.737352745865259,0.0,5.690145715120819,0.0,6.229663907953809,0.0,5.968131147513088,0.0,5.4099964848862125,1.0,1.4285714285714286
0.0,5.619196824478395,0.0,5.615940161706428,0.0,6.1433549407589805,0.0,6.023860976068065,0.0,5.386676482662229,1.0,1.4285714285714286
0.0,5.358420668412129,0.0,5.44709395859928,0.0,5.842795179786879,0.0,5.805196236856035,0.0,5.1667603964834,1.0,1.4285714285714286
0.0,5.776098391864249,0.0,5.57519296797641,0.0,6.254777029312788,0.0,5.94359478279022,0.0,5.322606573496123,1.0,1.4285714285714286
0.0,5.634476303418055,0.0,5.591700348533656,0.0,6.038507117021466,0.0,5.911485136521245,0.0,5.242804725171995,1.0,1.4285714285714286
0.0,5.539458177789257,0.0,5.60096682303819,0.0,6.010132312886562,0.0,5.89739969209168,0.0,5.149254672787542,1.0,1.4285714285714286
0.0,5.619657080974033,0.0,5.617162330238886,0.0,6.062094847142792,0.0,5.866094118660317,0.0,5.291380818480514,1.0,1.4285714285714286
0.0,5.468754005083267,0.0,5.498069941064467,0.019904925970142,5.931754856065231,0.0,5.736937384907447,0.0108960349317439,5.326121739995136,1.0,1.4285714285714286
0.0,5.424248527418752,0.0,5.410339038588569,0.0,5.8303264185931,0.0817356425914713,5.654982797174486,0.0,5.310308456128676,1.0,1.4285714285714286
0.0,5.501194658849722,0.0,5.56937451742046,0.0,6.10328934556162,0.0,6.100334687465472,0.0,5.23977774047439,1.0,1.4285714285714286
0.0,5.500523783177188,0.0,5.413734958856998,0.0,5.958905862432731,0.0,5.789982662533098,0.0,5.30058105676171,1.0,1.4285714285714286
0.0,5.774986443321557,0.0,5.65067300294011,0.0,6.222710790441274,0.0,5.918280246623088,0.0,5.440323189853166,1.0,1.4285714285714286
0.0,5.529749777124329,0.0,5.427493969993575,0.0,5.973787073130588,0.0,5.785480376424337,0.0,5.184313072804604,1.0,1.4285714285714286
0.0,5.275343097375889,0.0,5.191145360829974,0.0,5.657156181012297,0.0,5.578878615879198,0.0,5.106648158542152,1.0,1.4285714285714286
0.0,5.687239815041585,0.0,5.748261956447973,0.0,6.368634138643444,0.0,6.154987553078201,0.0,5.406297279274346,1.0,1.4285714285714286
0.0,5.514964378865532,0.0,5.575033227759619,0.0,5.996024272069199,0.0,5.751308510133736,0.0,5.184312439650687,1.0,1.4285714285714286
0.0,5.596770606887673,0.0,5.768636152213864,0.0,6.065360605359733,0.0,6.133809505179885,0.0,5.311463948410965,1.0,1.4285714285714286
0.0,5.590321605399747,0.0,5.461198957320903,0.0,6.165580635255331,0.0,5.790320071031367,0.0,5.215044912119279,1.0,1.4285714285714286
0.0,5.648121854509998,0.0,5.848263138093344,0.0,6.2794960141286245,0.0,6.170231767219687,0.0,5.483338115818561,1.0,1.4285714285714286
0.0,5.7025690003671405,0.0,5.639138628763713,0.0,6.226889507438626,0.0,5.929499087200583,0.0,5.39313548152836,1.0,1.4285714285714286
0.0,5.637779990482164,0.0,5.9261204545139,0.0,6.267142448575385,0.1072444265086726,6.316414588252004,0.0507878369183072,5.516273126608074,1.0,1.4285714285714286
0.0,5.772077395439656,0.0,5.635810872931762,0.0,6.255689357195628,0.0,5.957171322082114,0.0,5.363896752984839,1.0,1.4285714285714286
0.0,5.676317573820292,0.0,5.732788497537487,0.0,6.219717673676237,0.0,6.083030939768976,0.0,5.374621781800904,1.0,1.4285714285714286
0.0,5.492290876025385,0.0,5.460512423501147,0.0,5.9754599237258965,0.0,5.813687617585169,0.0,5.218403043137371,1.0,1.4285714285714286
0.0,5.362340353525165,0.0,5.619443209353759,0.0,5.778481038894043,0.0,5.998440783422346,0.0,5.238709861320121,1.0,1.4285714285714286
0.0,5.803411109969412,0.0,5.714689783563365,0.0,6.287794577874119,0.0,6.083452362499618,0.0,5.496302477677233,1.0,1.4285714285714286
0.0,5.50231515031135,0.0,5.450108863247976,0.0,6.023912351212548,0.0,5.787086184978069,0.0,5.286457872743092,1.0,1.4285714285714286
0.0,5.288303560559357,0.0,5.378302512036297,0.0,5.731691062736398,0.0,5.721665460445751,0.0,5.157133116137657,1.0,1.4285714285714286
0.0,5.804451141653559,0.0,5.898200979126767,0.0,6.19659207851066,0.0,6.31047217369445,0.0,5.549054039564301,1.0,1.4285714285714286
0.0,5.91979220656816,0.0,5.808213745375318,0.0,6.442141079398427,0.0,6.102764276650796,0.0,5.3851032718813,1.0,1.4285714285714286
0.1457285637256621,5.318344578030037,0.0570359298269938,5.582001742775297,0.2644324952971051,5.639704563591925,0.0411761214304812,5.6861750336784125,0.2316058262514464,5.042487994110116,1.0,1.4285714285714286
0.0,5.526920496436992,0.0,5.494213601667038,0.0,5.922882526466211,0.0,5.794764392134544,0.0,5.128594973897457,1.0,1.4285714285714286
0.0,5.892242864577045,0.0,5.923470644294803,0.0,6.316660670302582,0.0,6.243553217871378,0.0,5.415446223388898,1.0,1.4285714285714286
0.0,5.751770153102007,0.0,5.722828204888251,0.0,6.341589703032664,0.0,5.9619777664464415,0.0,5.255104838841185,1.0,1.4285714285714286
0.0,5.308595635791685,0.0,5.41158777989167,0.0,5.807771821155551,0.0,5.7458266376631535,0.0,5.113042667828343,1.0,1.4285714285714286
0.0,5.634760568834744,0.0,5.25591807857782,0.0,6.057218271000394,0.0,5.400211189783704,0.0,5.112590231781464,1.0,1.4285714285714286
0.0,5.430588069219442,0.0,5.637320188021644,0.0,5.889947326226857,0.0,5.952422933296841,0.0,5.320181918925906,1.0,1.4285714285714286
0.0,5.831181783266585,0.0,5.839178764473105,0.0,6.29945347553266,0.0,6.296920792831884,0.0,5.4666164172623,1.0,1.4285714285714286
0.0,5.676621691671307,0.0,5.818546563314024,0.0,6.124425919311926,0.0,6.020401717818077,0.0,5.394760062664375,1.0,1.4285714285714286
0.0,5.611462225348204,0.0,5.8296449988806405,0.0,6.077690216367473,0.0,6.120908637488065,0.0,5.361694594117073,1.0,1.4285714285714286
0.0,5.606535503535295,0.0,5.560912401730874,0.0,6.03278416518223,0.0,6.016701715561957,0.0,5.189883705765739,1.0,1.4285714285714286
0.0,5.444514751621412,0.0,5.579902078387223,0.0,5.8906118921765085,0.0,5.8100372361019605,0.0,5.265733931369772,1.0,1.4285714285714286
0.0,5.5776860385578,0.0,5.627883944349395,0.0,6.016867643825277,0.0,6.012192562788141,0.0,5.242545358529036,1.0,1.4285714285714286
0.0,5.304649489362094,0.0,5.365326815786536,0.0,5.884174771176192,0.0,5.898626408646932,0.0,5.10290500349895,1.0,1.4285714285714286
0.0,5.409700337769863,0.0,5.580084858094314,0.0,5.949170351979649,0.0,5.88682711321709,0.0,5.259525936891526,1.0,1.4285714285714286
0.0,5.643956385576603,0.0,5.572480291173908,0.0,6.181300654454605,0.0,5.879167607989401,0.0,5.314796596132344,1.0,1.4285714285714286
0.0,5.470336959354528,0.0,5.714218284569397,0.0,5.869359951700588,0.0,6.241636912977693,0.0,5.323152486169806,1.0,1.4285714285714286
0.0,5.528205313821791,0.0,5.688936856324004,0.0,6.168805325164746,0.0,6.244252485768806,0.0,5.443429253525829,1.0,1.4285714285714286
0.0,5.725247773670243,0.0,5.5387328247680045,0.0,6.250638380945079,0.0,6.069218830107444,0.0,5.3728073259629285,1.0,1.4285714285714286
0.0,5.79982719263127,0.0,5.697014666903366,0.0,6.236594322573106,0.0,6.1784551984071845,0.0,5.411890606134861,1.0,1.4285714285714286
0.0,5.728422198161852,0.0,5.553363714093945,0.0,6.267374046919967,0.0,5.915374482941521,0.0,5.252048570945214,1.0,1.4285714285714286
0.0,5.398538274119927,0.0,5.455805577384287,0.0,5.946413459902439,0.0,5.719379571146344,0.0,5.2089284005144325,1.0,1.4285714285714286
0.0,5.461298514468752,0.0,5.265333710190475,0.0,5.890446556966342,0.0,5.567023651321625,0.0,5.091866577654107,1.0,1.4285714285714286
0.0,5.4511056351190215,0.0,5.617614698966497,0.0,6.036143317300746,0.0,5.990129101170358,0.0,5.2556701583252,1.0,1.4285714285714286
0.0,5.538837633638033,0.0,5.841392473882584,0.0,6.031242779132453,0.0,6.184507190362278,0.0,5.283719054556307,1.0,1.4285714285714286
0.0,5.521231012958044,0.0,5.470072573767021,0.0,6.025239269511147,0.0,5.935989274593643,0.0,5.232560891079373,1.0,1.4285714285714286
0.0,5.571804769538822,0.0,5.748833502760859,0.0,6.070459904243179,0.0,6.053210248572333,0.0,5.432864578512508,1.0,1.4285714285714286
0.0,5.682082658957663,0.0,5.435724733938998,0.0,6.219922866920423,0.0,5.777341044504484,0.0,5.262255757861874,1.0,1.4285714285714286
0.0,5.729083615882307,0.0,5.618388985099418,0.0,6.1540699562776,0.0,5.845424262077839,0.0,5.312401596468044,1.0,1.4285714285714286
0.0,5.55862654883019,0.0,5.672549367867017,0.0,6.1520226256315445,0.0,6.047224706281256,0.0,5.304875692787596,1.0,1.4285714285714286
0.0,5.227326600399015,0.0,5.459841597547896,0.0522451551734417,5.64920501757109,0.0,5.813791234537759,0.0,4.992078617455307,1.0,1.4285714285714286
0.0,5.627368201754905,0.0,5.723702390973201,0.0,6.154011258909365,0.0,6.047757126419122,0.0,5.42944317717136,1.0,1.4285714285714286
0.0,5.674894845384616,0.0,5.503441963955372,0.0,6.19019103025434,0.058059916214793,5.813506958546714,0.0,5.287270125672989,1.0,1.4285714285714286
0.0,5.555242863387047,0.0,5.81025544742206,0.0,6.084006127157126,0.0,6.158427559384081,0.0,5.367421179714379,1.0,1.4285714285714286
0.0,5.618505429000915,0.0,5.569276489414417,0.0,6.173370788118962,0.0,6.0073463184397005,0.0,5.293214719811733,1.0,1.4285714285714286
0.0,5.502339552978713,0.0,5.446270947643395,0.0,5.951589210331757,0.0,5.769260577845175,0.0,5.201948973553173,1.0,1.4285714285714286
0.0,5.539616068233458,0.0,5.682924504802451,0.0,6.033463190573947,0.0,6.125480870146166,0.0,5.28476945991365,1.0,1.4285714285714286
0.0,5.543959220810767,0.0,5.701552973339411,0.0,6.136974505657735,0.0,6.194016300042294,0.0,5.425634954438965,1.0,1.4285714285714286
0.0,5.408698047818147,0.0,5.716371005498666,0.0,5.831820441840057,0.0,6.050310319931868,0.0,5.207358899614726,1.0,1.4285714285714286
0.0,5.606178038523708,0.0,5.511131682617861,0.0,6.084919193674385,0.0,5.840701465958775,0.0,5.304811939814751,1.0,1.4285714285714286
0.0,5.745879357324872,0.0,5.687434255692774,0.0,6.265454005838689,0.0,5.838139277547172,0.0,5.479321228141053,1.0,1.4285714285714286
0.0,5.574716336536994,0.0,5.583527234070223,0.0,6.037036663098196,0.0,6.017470292708024,0.0,5.256009217752398,1.0,1.4285714285714286
0.0,5.680749821483583,0.0,5.754645778662635,0.0,6.04236507201262,0.0,6.095715371841609,0.0,5.457015606992906,1.0,1.4285714285714286
0.0,5.43114754709855,0.0,5.501662253027736,0.0,5.936808453078803,0.0,5.936515178953547,0.0,5.300256007747188,1.0,1.4285714285714286
0.0,5.591468901140134,0.0,5.675724802119709,0.0,6.027328511592929,0.0,5.948219282739975,0.0,5.319888669367751,1.0,1.4285714285714286
0.0,5.878671564939123,0.0,5.852753075027609,0.0,6.342456184135067,0.0,6.128552974326717,0.0,5.555613567891315,1.0,1.4285714285714286
0.0,5.591013796901691,0.0,5.60381366741944,0.0,5.905455206747054,0.0,5.918257473990911,0.0,5.289925793592132,1.0,1.4285714285714286
0.0,5.763916015346841,0.0,5.770565961646647,0.0202651088923939,6.2921270371769085,0.0,6.209728552592365,0.0,5.39096407777907,1.0,1.4285714285714286
0.0,5.253974048099197,0.0,5.358098325144775,0.0,5.715003441722787,0.0,5.748127457722498,0.0,5.122674278816017,1.0,1.4285714285714286
0.0,5.258545185065542,0.0,5.5198636092818,0.0,5.783524713498507,0.0,5.757703646748168,0.0,5.104934114339561,1.0,1.4285714285714286
0.0,5.633602843189382,0.0,5.813663903647664,0.0,6.204940277962184,0.0,6.204678468610761,0.0,5.465359241048223,1.0,1.4285714285714286
0.0,5.474650284342787,0.0,5.449260215293366,0.0,5.859908354827119,0.0,5.80927100940225,0.0,5.164480195522113,1.0,1.4285714285714286
0.0,5.593088850456072,0.0,5.618729795211587,0.0,6.156219543287936,0.0,5.958628851396084,0.0,5.35904530413164,1.0,1.4285714285714286
0.0,5.56554606057891,0.0,5.654251678799238,0.0,6.068110520013669,0.0,5.830833662383641,0.0,5.249207084965745,1.0,1.4285714285714286
0.0,5.763155520204444,0.0,5.630167595334415,0.0,6.291058977224874,0.0,6.130086314075041,0.0,5.409850157915881,1.0,1.4285714285714286
0.0,5.7725506408683405,0.0,5.706673588408986,0.0,6.205341768911417,0.0,5.966325232690431,0.0,5.358743607057513,1.0,1.4285714285714286
0.0,5.562455037497837,0.0,5.620381896522517,0.0,5.974831829134025,0.0,6.039998478576958,0.0,5.287588480325333,1.0,1.4285714285714286
0.0,5.519470521081213,0.0,5.64647865906264,0.0,6.075395309788168,0.0,5.930196368593426,0.0,5.451706456581198,1.0,1.4285714285714286
0.0,5.7348204723713065,0.0,5.817469635857611,0.0,6.206214525822942,0.0,6.131895290064651,0.0,5.424264909617091,1.0,1.4285714285714286
0.0,5.7521625801463685,0.0,5.6296954261755925,0.0,6.219185212837978,0.0,5.719521468714745,0.0,5.34746146630338,1.0,1.4285714285714286
0.0,5.884342111719087,0.0,5.927814124375799,0.0,6.135301302477685,0.0,6.026485529831965,0.0,5.464531643720022,1.0,1.4285714285714286
0.0,5.6809258333831405,0.0,5.4811720560706725,0.0,6.234129066686542,0.0,6.047918384728135,0.0,5.251433324140661,1.0,1.4285714285714286
0.0,5.698683820459428,0.0168428151764103,5.519380516129963,0.0,6.209555599254731,0.1952991922627716,5.794352732799346,0.0,5.32370165399662,1.0,1.4285714285714286
0.0,5.841495041513201,0.0,5.778559812632988,0.0,6.387736786448792,0.0,6.100066106725087,0.0,5.4424800342542285,1.0,1.4285714285714286
0.0,5.401631619038669,0.0,5.785156609886195,0.0,5.902198717925194,0.0,6.296441161532719,0.0,5.393126672684539,1.0,1.4285714285714286
0.0,5.602019763914528,0.0,5.414362169717575,0.0,6.178538646166181,0.0,5.8243430523749655,0.0,5.277523372438671,1.0,1.4285714285714286
0.0,5.617491200997239,0.0,5.692722373682559,0.0,6.089247547016761,0.0,5.898648589228987,0.0,5.365022495072942,1.0,1.4285714285714286
0.0,5.564130961769172,0.0,5.363367209142108,0.0,6.0084718367047225,0.0,5.663468250436271,0.0,5.111904663762933,1.0,1.4285714285714286
0.0,5.681132043223219,0.0,5.42672211712541,0.0,6.229209450241583,0.0,5.5996503872748615,0.0,5.343428688634589,1.0,1.4285714285714286
0.0,5.838812693275076,0.0208300189169722,5.666968517142858,0.0402394534564776,6.411676921783604,0.2060312178569612,5.943135070938092,0.0119958509267146,5.380752596511025,1.0,1.4285714285714286
0.0,5.600924472049723,0.0,5.665576742525686,0.0,6.043893628142527,0.0,6.058091748727773,0.0,5.398096233027943,1.0,1.4285714285714286
0.0,5.169347958819519,0.0,5.471441383983067,0.0,5.484981802908683,0.0,5.8561377166759225,0.0,5.014061784485431,1.0,1.4285714285714286
0.0,5.782188810966252,0.0,5.609354642142266,0.0,6.241637946354377,0.0569773797349556,5.8982522579251855,0.0660078315786308,5.2500487431913445,1.0,1.4285714285714286
0.0,5.659487954623253,0.0,5.878830688830776,0.0,6.080677931347962,0.0,6.268147679803714,0.0,5.520249106752911,1.0,1.4285714285714286
0.0,5.589298977460728,0.0,5.88255434775596,0.0399432587295193,6.123202396677019,0.0,6.2432657864675045,0.0,5.455399452739278,1.0,1.4285714285714286
0.0,5.799001247763849,0.0,5.802355795863174,0.0,6.181234511362526,0.0,6.2106969955123565,0.0,5.412934454786107,1.0,1.4285714285714286
0.0,5.570506611972072,0.0,5.495096419760832,0.0,5.988198796315227,0.0,5.945297970351243,0.0,5.23682894129982,1.0,1.4285714285714286
0.0,5.623142232406892,0.0,5.473603686199312,0.0,6.172386985164372,0.0,5.672864758901432,0.0,5.267227451340362,1.0,1.4285714285714286
0.0,5.7737021865918345,0.0,5.851047180550865,0.0,6.329900922339035,0.0,6.207902771539027,0.0,5.495649487786657,1.0,1.4285714285714286
0.0544541148406534,5.525775862808509,0.0,5.479248747940001,0.2031401391339946,5.88693093868219,0.1688265042972503,5.718673922415368,0.0,5.152316043512397,1.0,1.4285714285714286
0.0,5.8098770627011564,0.0,5.808170114145278,0.0,6.195016937691282,0.0,6.05433248251103,0.0,5.532474617673658,1.0,1.4285714285714286
0.0,5.736252290094435,0.0,5.768057308483013,0.0,6.266593142080794,0.0,6.075129381553225,0.0,5.445145224477469,1.0,1.4285714285714286
0.0,5.608833642462392,0.0,5.664934808541646,0.0,6.1768491685191,0.0359627751780585,5.858195705026167,0.0,5.287800693861689,1.0,1.4285714285714286
0.0,5.391022287033646,0.0,5.449909280558775,0.0,5.780948757724861,0.0,5.880308011243382,0.0,5.246485181363676,1.0,1.4285714285714286
0.0,5.325232498770723,0.0,5.642272497134871,0.0,5.906639755059764,0.0,5.894420797308654,0.0,5.213806645260376,1.0,1.4285714285714286
0.0,5.985985408637132,0.0,5.882629984508083,0.0,6.4166775674569685,0.0,6.347169469273423,0.0,5.488803160985096,1.0,1.4285714285714286
0.0,5.492806222169332,0.0,5.312697672732645,0.0,6.08379016003144,0.0,5.718626393994443,0.0,5.174501361759453,1.0,1.4285714285714286
0.0,5.609319822017991,0.0,5.63206100966558,0.0,5.9871955100464405,0.0,5.7623283638142535,0.0,5.242438172904028,1.0,1.4285714285714286
0.0,5.72444616229519,0.0,5.504632080344185,0.0,6.055038313849772,0.0,5.629581390751356,0.0,5.2634030187436,1.0,1.4285714285714286
0.0,5.741465214149387,0.0,5.641723204353204,0.0,6.24898978402147,0.0,5.983517784123946,0.0,5.3768070028188735,1.0,1.4285714285714286
0.0,5.673231943858071,0.0,5.467888242307192,0.0,6.321153581025535,0.0,6.08873939451151,0.0,5.250295451063779,1.0,1.4285714285714286
0.0,5.471633463138115,0.0,5.558978210359237,0.0,6.0143786480306805,0.0,5.855647967426889,0.0,5.166761960262087,1.0,1.4285714285714286
0.0,5.485228056237117,0.0,5.722570807927967,0.0,6.01707760261379,0.0,5.914289960249134,0.0,5.24223448945291,1.0,1.4285714285714286
0.0,5.910420444363747,0.0,5.87529643620208,0.0,6.309673852396596,0.0,6.073249308502798,0.0,5.50810280028556,1.0,1.4285714285714286
0.0,5.11135472209276,0.0,5.313256000370419,0.0,5.56047976998409,0.0,5.68208230802197,0.0,4.958766700248363,1.0,1.4285714285714286
0.0,5.617182351474519,0.0,5.584287927275066,0.0,6.181678960757596,0.0,6.05662091947895,0.0,5.448693036577014,1.0,1.4285714285714286
0.0,5.531699063637817,0.0,5.463314037259791,0.0,6.154094335946989,0.0,5.837990517583571,0.0,5.276551350255953,1.0,1.4285714285714286
0.0,5.264931303733484,0.0,5.4223657369472,0.0,5.846189369500278,0.0,5.883317700305364,0.0,5.170851330609516,1.0,1.4285714285714286
0.0,5.738126306914301,0.0,5.758777964802844,0.0,6.25116736288479,0.0,6.012958546925043,0.0,5.333092430758119,1.0,1.4285714285714286
0.0,5.44241648817737,0.0,5.484278952969477,0.101682051748766,5.857647672132017,0.0,5.673705190402939,0.0,5.182226867270287,1.0,1.4285714285714286
0.0,5.63516344555029,0.0,5.459600819998411,0.0,6.152183352084371,0.0,5.751993225355865,0.0,5.235707827974116,1.0,1.4285714285714286
0.0,5.465121104308299,0.0,5.700564659183798,0.0,6.008666826674402,0.0,6.088305757394842,0.0,5.190765882764846,1.0,1.4285714285714286
0.0,5.443720493103347,0.1125136088117391,5.517851080070082,0.0,5.935539634104307,0.2541091367685568,5.902920170971923,0.066442145120506,5.3314525964311255,1.0,1.4285714285714286
0.0,5.8771647322552845,0.0,5.698975581697014,0.0,6.371114880799261,0.0,5.969219900504355,0.0,5.308718452623036,1.0,1.4285714285714286
0.0,5.501161237103235,0.0,5.44209048605137,0.0,5.931854927675929,0.0,5.841709445511141,0.0,5.232209048360613,1.0,1.4285714285714286
0.0,5.300479368716222,0.0,5.5213071345669125,0.0,5.782478065960589,0.0,5.781977715294086,0.0,5.112685079040575,1.0,1.4285714285714286
0.0,5.562492147088432,0.0,5.89667488836358,0.0,6.14925210263742,0.0,6.246794983530716,0.0,5.438153361156855,1.0,1.4285714285714286
0.0,5.489236373336654,0.0,5.408995256248886,0.0,6.165381046575983,0.0,5.743023817159889,0.0,5.233761159920984,1.0,1.4285714285714286
0.0,5.784186629339428,0.0,5.781375857146771,0.0,6.348449273028881,0.0,6.025847792269039,0.0,5.504407062856646,1.0,1.4285714285714286
0.0,5.504155004550069,0.0,5.74692097034588,0.0,6.138819863713858,0.0,6.288502410716704,0.0,5.459460677125977,1.0,1.4285714285714286
0.0,5.521099461390094,0.0,5.552172702801202,0.0,5.96778475086572,0.0,5.769937912586506,0.0,5.184727474999819,1.0,1.4285714285714286
0.0,5.4505727563728525,0.0,5.489313885420765,0.0,5.959242601196391,0.0,5.80762153097317,0.0,5.200080049997805,1.0,1.4285714285714286
0.0,5.638888807753187,0.0,5.785598461474871,0.0,5.997802657692083,0.0,6.034205049462796,0.0,5.287285788827764,1.0,1.4285714285714286
0.0,5.406141071364623,0.0,5.3160031710356215,0.0076235321837558,5.934192734951661,0.0928236009909813,5.659614976510293,0.110113202874065,5.134537465320716,1.0,1.4285714285714286
0.0,5.884057822439456,0.0,5.781276216840024,0.0,6.319357433909411,0.0,6.207844167717361,0.0,5.451803611647681,1.0,1.4285714285714286
0.0,5.672333120646496,0.0,5.461235938060189,0.0,6.041200045785125,0.0,5.899156140053031,0.0,5.292240325032127,1.0,1.4285714285714286
0.0,5.542428545509716,0.0,5.82734289158378,0.0,5.85770779458749,0.0,6.0668899661389695,0.0,5.376132192108466,1.0,1.4285714285714286
0.0,5.644664946906571,0.0,5.704690618361736,0.0,6.0542045557893305,0.0,5.93335957000371,0.0,5.304783606329418,1.0,1.4285714285714286
0.0,5.590483350266794,0.0,5.733647819174119,0.0,6.141667119141624,0.0,6.178559071619546,0.0,5.469501954480909,1.0,1.4285714285714286
0.0,5.817686548132633,0.0,5.715372636319668,0.0,6.217468293092256,0.0,5.876540687851672,0.0,5.377409446000566,1.0,1.4285714285714286
0.0,5.4514535729422455,0.0,5.370547970826101,0.0,5.973297892423046,0.0,5.72827750279463,0.0,5.164813841736762,1.0,1.4285714285714286
0.0,5.530594850484164,0.0,5.724451770055717,0.0,5.972882104016985,0.0,6.048866783947465,0.0,5.24855985547525,1.0,1.4285714285714286
0.0,5.437611429275667,0.0,5.5498000516383765,0.0,5.87179238945712,0.0,5.966565175664623,0.0,5.268446545015318,1.0,1.4285714285714286
0.0,5.3099897877328415,0.0,5.444058088023752,0.0,5.690489680313094,0.0,5.759976671865596,0.0,5.159304531550118,1.0,1.4285714285714286
0.0,5.589448061634738,0.0,5.73858497685449,0.0,6.068884250829185,0.0,5.98147583251806,0.0,5.408863730629744,1.0,1.4285714285714286
0.0,5.794961328768569,0.0,5.847254193534543,0.0581353260609812,6.246254351837675,0.0,6.086352429161771,0.0,5.403464248443311,1.0,1.4285714285714286
0.0,5.670450160220626,0.0,5.694189041141272,0.0,6.245083493012439,0.0,6.176357001537708,0.0,5.520527653166995,1.0,1.4285714285714286
0.0,5.607987859555443,0.0,5.579793041800084,0.0,6.002145586153047,0.0,5.811923279934721,0.0,5.335270550938862,1.0,1.4285714285714286
0.0,5.496531512918445,0.0,5.474295200794757,0.0,6.014089325453984,0.0,5.604520319236454,0.0,5.118333885495948,1.0,1.4285714285714286
0.0,5.7244629701378775,0.0,5.632560491886895,0.0,6.268555582558535,0.0,6.06177395230035,0.0,5.392033481308338,1.0,1.4285714285714286
0.0,5.5967784831404215,0.0,5.533770123603293,0.0,6.16225942533764,0.0,5.8722366815918345,0.0,5.250585273974607,1.0,1.4285714285714286
0.0,5.634153522923689,0.0,5.785593912560384,0.0,6.006021915838647,0.0,6.080722626716813,0.0,5.310854803382879,1.0,1.4285714285714286
0.0,5.601783221149232,0.0,5.568032740645103,0.0,6.023233271542105,0.0,5.766086709628166,0.0,5.293932625610659,1.0,1.4285714285714286
0.0,5.643644998542232,0.0,5.823808071760245,0.0,6.213357517741421,0.0,6.03450045321387,0.0,5.433677881492996,1.0,1.4285714285714286
0.0,5.33726792473967,0.0,5.652294896967788,0.0,5.758221158582467,0.0,6.023515187317808,0.0,5.237818331998634,1.0,1.4285714285714286
0.0,5.5752491922894825,0.0,5.530381951750123,0.0,6.123831124216324,0.0,5.935097252076099,0.0,5.294778244807186,1.0,1.4285714285714286
0.0,5.508615519968941,0.0,5.312462634854824,0.0,5.940054146167785,0.0,5.23306700307657,0.0,5.121566842568618,1.0,1.4285714285714286
0.0,5.417452367537697,0.0,5.521418729205875,0.0,5.931283527306702,0.0,6.030018353316818,0.0,5.192795760702812,1.0,1.4285714285714286
0.0,5.453679552275045,0.0,5.460265361848566,0.0,5.925108612878084,0.0,5.914055166117914,0.0,5.182690701197195,1.0,1.4285714285714286
0.0,5.739455741412337,0.0,6.056625215761536,0.0,6.273940050487932,0.0,6.249263780661696,0.0,5.635947829426254,1.0,1.4285714285714286
0.0,5.477021146377983,0.0,5.549831726738657,0.0,6.001560131571176,0.0,5.843390593833305,0.0,5.243833563562027,1.0,1.4285714285714286
0.0,5.712496672622415,0.0,5.915736948567302,0.1470156939674257,6.021915605726794,0.0,6.296699099221808,0.0174715876357325,5.457529064469116,1.0,1.4285714285714286
0.0,5.698770644983773,0.0,5.686715823279549,0.0,5.9553254959029065,0.0,5.916068342666277,0.0,5.328511218939894,1.0,1.4285714285714286
0.0,5.57850255639601,0.0,5.725557890102952,0.0,6.104048764098223,0.0,5.896995482225493,0.0,5.436003473622463,1.0,1.4285714285714286
0.0,5.467600125424697,0.0,5.450162067550411,0.0,5.932246143134264,0.0,5.806049851000557,0.0,5.226618493696722,1.0,1.4285714285714286
0.0,5.868104177870868,0.0,5.949516826803089,0.0,6.335091563731796,0.0,6.264063669336808,0.0,5.632689530782059,1.0,1.4285714285714286
0.0,5.658809281726906,0.0,5.412884975009639,0.0,6.128446370553675,0.0,5.712585378722887,0.0,5.253990510420371,1.0,1.4285714285714286
0.0,5.809397587721976,0.0,5.821043351270457,0.0,6.223393291148501,0.0,6.04047120238148,0.0,5.494388300437899,1.0,1.4285714285714286
0.0,5.712523977557022,0.0,5.497959053284935,0.0,6.187859253730218,0.0,5.998728901629332,0.0,5.3827143042558205,1.0,1.4285714285714286
0.0,5.6192754024024,0.0,5.658258937431297,0.0,5.874255788630545,0.0,5.657137430097706,0.0,5.180377585323703,1.0,1.4285714285714286
0.0,5.651713300781712,0.0,5.629510390130489,0.0,6.117006596364171,0.0,6.062320002125002,0.0,5.40002903033349,1.0,1.4285714285714286
0.0,5.669200200452932,0.0,5.74235154574933,0.0,6.063512473942019,0.0,5.956099585053193,0.0,5.429678047650852,1.0,1.4285714285714286
0.0,5.663118973402327,0.0,5.650384750371395,0.069151742915121,6.157095028652901,0.2401009519402736,5.940390811119645,0.0467791067965982,5.279954389885926,1.0,1.4285714285714286
0.0,5.596593831710006,0.0,5.750454644055004,0.0,6.047403055235984,0.0,6.030962719332757,0.0,5.296531101340608,1.0,1.4285714285714286
0.0,5.717056518977635,0.0,5.51171627998548,0.0,6.289218226651619,0.0,6.001240946443621,0.0,5.412265551456405,1.0,1.4285714285714286
0.0,5.816277170486833,0.0,5.83975189541912,0.0,6.3740931359158735,0.0,5.994551065904742,0.0,5.477692180701625,1.0,1.4285714285714286
0.0,5.44018561850797,0.0,5.376605895125945,0.0,5.947663381935422,0.0,5.729518705497928,0.0,5.157358533316842,1.0,1.4285714285714286
0.0,5.776127734711012,0.0,5.629807250398812,0.0,6.376366277595424,0.0,6.008844525367815,0.0,5.396648782467563,1.0,1.4285714285714286
0.0,5.658686478657657,0.0,5.520535562008389,0.0,6.156912703120301,0.0,5.80060862021209,0.0,5.240415679014404,1.0,1.4285714285714286
0.0,5.33854925447341,0.0,5.60551459196321,0.0,5.788532144042749,0.0,5.877008315014673,0.0,5.196727744958261,1.0,1.4285714285714286
0.0,5.486507238775123,0.0,5.754015120787821,0.0,6.017161628906041,0.0,6.161805030030425,0.0,5.290438080506903,1.0,1.4285714285714286
0.0,5.719941661668335,0.0,5.7075651559582585,0.0,6.089911564984358,0.0,6.063493947740763,0.0,5.358183030974142,1.0,1.4285714285714286
0.0,5.5065839834749655,0.0,5.591358997349973,0.0,5.997972492687199,0.0097255353463068,5.995441799413007,0.0,5.342672616929406,1.0,1.4285714285714286
0.0,5.627220385631688,0.0,5.790254837508396,0.0,6.123426053410921,0.0,6.286704557055336,0.0,5.507053042182648,1.0,1.4285714285714286
0.0,5.750216308373392,0.0,5.794609207195132,0.0,6.337401432793355,0.0,6.116524038681194,0.0,5.589302326964423,1.0,1.4285714285714286
0.0,5.552238918351499,0.0,5.570799526451765,0.0,6.073937548840847,0.0,6.01969133916522,0.0,5.345877569082192,1.0,1.4285714285714286
0.0,5.938030388375115,0.0,5.914046528560741,0.0,6.242180665663259,0.0,6.173799446910082,0.0,5.556717619727667,1.0,1.4285714285714286
0.0,5.5022240775989895,0.0,5.225822685055008,0.0,5.995320405785935,0.0,5.6369388736306085,0.0,5.079138892157475,1.0,1.4285714285714286
0.0,5.704363050551724,0.0,5.620193725419277,0.0,5.9642128410806805,0.0,5.874165142847809,0.0,5.253445003708573,1.0,1.4285714285714286
0.0,5.618009846458826,0.0,5.582432655199821,0.0,6.125530684725632,0.0,5.832573115393168,0.0,5.30230875136145,1.0,1.4285714285714286
0.0,5.6106135801912425,0.0,5.472165332037786,0.0,6.146617556679494,0.0,5.752893969769383,0.0,5.27208478531358,1.0,1.4285714285714286
0.0,5.640283223769327,0.0,5.53685954568001,0.0,6.13742653654259,0.0,5.946967881496181,0.0,5.147967259481911,1.0,1.4285714285714286
0.0,5.524194757166862,0.0,5.70876300880229,0.0,6.024634546951464,0.0,6.014356743979277,0.0,5.4591740554335,1.0,1.4285714285714286
0.0,5.505349485013828,0.0,5.68119769941084,0.0,5.988982063730544,0.0,6.104882997029454,0.0,5.260371317849012,1.0,1.4285714285714286
0.0,5.593268427189015,0.0,5.679779593776942,0.0,6.112908979501082,0.0,5.852505045390972,0.0,5.256527027676189,1.0,1.4285714285714286
0.0,5.708239789357713,0.0,5.872095154679151,0.0,6.205105907957971,0.0,6.08104192774437,0.0,5.45783242651568,1.0,1.4285714285714286
0.0,5.435565920994945,0.0,5.529786610411742,0.0,5.959085461048471,0.0,5.626258235420481,0.0,5.250894610641179,1.0,1.4285714285714286
0.0,5.428697567712817,0.0,5.476274225202943,0.0,5.985259475549863,0.0,5.93052342983654,0.0,5.258029821272827,1.0,1.4285714285714286
0.0,5.575638860501567,0.0,5.595811679323979,0.0,5.980469170983293,0.0,5.854964313164091,0.0,5.1953619886148505,1.0,1.4285714285714286
0.0,5.620949616982905,0.0,5.674491199808137,0.0,6.140598190350272,0.0,5.85556671361371,0.0,5.385023942295041,1.0,1.4285714285714286
0.0,5.9706542156902405,0.0,5.971745512236823,0.0,6.4909064439627775,0.0,6.149014028766475,0.0242041431007527,5.544022184695756,1.0,1.4285714285714286
0.0,5.681006578857449,0.0,5.7864664559550745,0.0,6.183692250724318,0.0,6.122482017357063,0.0,5.444026651104927,1.0,1.4285714285714286
0.0,5.768237864536687,0.0,5.805330409785835,0.0,6.135757554593263,0.0,6.159392258822191,0.0,5.439589437157864,1.0,1.4285714285714286
0.0,5.766795417686909,0.0,5.622594973608343,0.0,6.344229244729526,0.0,6.193071602691714,0.0,5.476529190076251,1.0,1.4285714285714286
0.0,5.606891805761601,0.0,5.530885930275844,0.0,6.037637471378646,0.0,5.920964748398465,0.0,5.285514621473479,1.0,1.4285714285714286
0.0,5.4032211338613445,0.0,5.585554345681223,0.0,5.9157479167843166,0.0,5.982122900742581,0.0,5.220908479031322,1.0,1.4285714285714286
0.0,5.807318106651674,0.0,5.85457928872194,0.0,6.268623535386727,0.0,6.097696529884653,0.0,5.485844070562566,1.0,1.4285714285714286
0.0,5.847350171985402,0.0,5.724124555720691,0.0,6.37595742456901,0.0,6.118458697588691,0.0,5.454494214064892,1.0,1.4285714285714286
0.0,5.637367136850724,0.0,5.663118354579665,0.0,6.265959128113751,0.0,6.115953586798137,0.0,5.275814728670686,1.0,1.4285714285714286
0.0,5.406620982735452,0.0,5.370351056470458,0.0,5.811795269886114,0.0,5.823559658306044,0.0,5.157723547494511,1.0,1.4285714285714286
0.0,5.726015771217492,0.0,5.560531045029017,0.0,6.202603909678791,0.0,5.717287072545052,0.0,5.350321988569975,1.0,1.4285714285714286
0.011110887728564,5.772467390958584,0.0,5.492647958947354,0.1942934973476459,6.159621384026945,0.0,5.983071985379453,0.0267854609664971,5.299288927201679,1.0,1.4285714285714286
0.0,5.758869880433994,0.0,5.813049036715399,0.0,6.259850345697154,0.0,6.278175987388683,0.0,5.419252348762502,1.0,1.4285714285714286
0.0,5.404806654485883,0.0,5.612950917537667,0.0,5.818727839266471,0.1499311379442575,5.825524579853628,0.0,5.286616052921333,1.0,1.4285714285714286
0.0,5.637602355596631,0.0,5.594131277499831,0.0,6.11596061097437,0.0,5.9042162969323,0.0,5.314647625606578,1.0,1.4285714285714286
0.0,5.792002630340482,0.0,5.767155894548028,0.0,6.2030962634934514,0.0,6.1196044145306665,0.0,5.550084101812589,1.0,1.4285714285714286
0.0,5.588587796204799,0.0,5.683217428985768,0.0,6.211143321243386,0.0,5.942882377509214,0.0,5.368694994875334,1.0,1.4285714285714286
0.0,5.490717025561179,0.0,5.780685405224988,0.0,6.0113912686806525,0.0,6.1999311892257385,0.0,5.2329863070698055,1.0,1.4285714285714286
0.0,5.447047313940071,0.0,5.468257101045831,0.0,5.9472213809805625,0.0,5.6377234270144125,0.0,5.200174622316518,1.0,1.4285714285714286
0.0,5.614810428018495,0.0,5.582615636119174,0.0,6.029751730751152,0.1007862059277886,5.978601050916598,0.0,5.367136342310297,1.0,1.4285714285714286
0.0,5.468257311723576,0.0,5.496684532621945,0.0,5.9816050947619885,0.0,6.014648453847397,0.0,5.213084415858788,1.0,1.4285714285714286
0.0,5.480414070757439,0.0,5.547244067917089,0.0,5.918221711892078,0.0,5.977171943078894,0.0,5.1684714131601375,1.0,1.4285714285714286
0.0,5.587111778865193,0.0,5.685118629726295,0.0,6.229779747776157,0.0,5.894266624109441,0.0,5.26784000190641,1.0,1.4285714285714286
0.0,5.790868563090198,0.0,5.925390284650416,0.0,6.092467039099258,0.0,6.272486180242456,0.0,5.472197919546218,1.0,1.4285714285714286
0.0,5.714014265811,0.0,5.952501387930894,0.0,6.251678191483095,0.0892307474454955,6.140805195175336,0.0,5.43476390465609,1.0,1.4285714285714286
0.0,5.491716980081513,0.0,5.380041709479072,0.0,5.927766389183476,0.0,5.8104619529485,0.0,5.131224302153339,1.0,1.4285714285714286
0.0,5.718730458041235,0.0,5.474837124259498,0.0,6.207935258134349,0.0,5.924927189656694,0.0,5.411592981568667,1.0,1.4285714285714286
0.0,5.295078819898556,0.0,5.481844061793149,0.0,5.775221142074319,0.0,5.732229866706457,0.0,5.1155102141806434,1.0,1.4285714285714286
0.0,5.266125181289913,0.0,5.238088937062493,0.0,5.645543026779349,0.0,5.405947856004584,0.0,4.979618909210734,1.0,1.4285714285714286
0.0,5.603851295308367,0.0,5.748952699900694,0.0,6.065742113627351,0.0,5.930533406665345,0.0,5.460948454549567,1.0,1.4285714285714286
0.0,5.6691594505737335,0.0,5.625698753102089,0.0,6.186855183239031,0.0,5.9898307752161,0.0,5.45035736489162,1.0,1.4285714285714286
0.0,5.768956598868577,0.0,5.604130671515518,0.0,6.212747147254509,0.0,5.792021863127026,0.0,5.4161702534502085,1.0,1.4285714285714286
0.0,5.484782670653146,0.0,5.687391457004792,0.0,5.9317290358061125,0.0,6.044561368202144,0.0,5.157545643959739,1.0,1.4285714285714286
0.0,5.520258635632471,0.0,5.305712646134819,0.0865366096798881,6.053619919869381,0.0,5.890252303045138,0.0,5.196528915972016,1.0,1.4285714285714286
0.0,5.47793869305013,0.0,5.502497275375871,0.0,6.08005299051935,0.0,5.994331728947123,0.0,5.248857447272076,1.0,1.4285714285714286
0.0,5.853818956999237,0.0,5.702241345739645,0.0,6.428804724059646,0.0,6.051180337200287,0.0,5.499358914288896,1.0,1.4285714285714286
0.0,5.813240482910253,0.0,5.729977212092362,0.0,6.428672639082478,0.0,6.043696711276504,0.0,5.540472864824533,1.0,1.4285714285714286
0.0,5.572176755595485,0.0,5.581952960497572,0.0,6.106177060663495,0.0,5.8851281281707895,0.0,5.292989341509069,1.0,1.4285714285714286
0.0,5.704726155043026,0.0,5.543894777029061,0.0,6.131556780987315,0.0546860313898687,5.622323045604542,0.0,5.3197052201717785,1.0,1.4285714285714286
0.0,5.633853465495549,0.0,5.660002090150033,0.0,6.1916847692438095,0.0,5.992961246371867,0.0,5.481705839279852,1.0,1.4285714285714286
0.0,5.582247364258406,0.0,5.495257889945789,0.0,6.114231703018408,0.0,5.83823809348469,0.0,5.199944135489242,1.0,1.4285714285714286
0.0,5.544089419877685,0.0,5.798201538729647,0.0,5.9866482339032965,0.0,5.942166311978564,0.0,5.371219049075295,1.0,1.4285714285714286
0.0,5.561326144742319,0.0,5.520874610777583,0.0,5.9590668149237525,0.0,5.879249410474576,0.0,5.225085856027543,1.0,1.4285714285714286
0.0,5.600160587444781,0.0,5.709511499014286,0.0,6.095570014582105,0.0,6.079525320373692,0.0,5.316300375141464,1.0,1.4285714285714286
0.0,5.934470205698149,0.0,5.866304692736962,0.0,6.462539576660357,0.0,6.002894008534916,0.0,5.545688308941807,1.0,1.4285714285714286
0.0,5.777837344007567,0.0,5.665004033868516,0.0,6.148068809357628,0.0,5.891142800225355,0.0,5.437815303581935,1.0,1.4285714285714286
0.0,5.682784676010812,0.0,5.278280681749001,0.0,6.266778302601663,0.0,5.685937108557466,0.0,5.322114470356484,1.0,1.4285714285714286
0.0,6.0476617562449935,0.0,5.895947676610562,0.0,6.448341674872559,0.2457472101032082,6.167486645248046,0.0,5.699187495427143,1.0,1.4285714285714286
0.0,5.645904077566374,0.0,5.710416633129298,0.0,6.330495085536968,0.059266066167475,6.202342613481736,0.0,5.442645053751318,1.0,1.4285714285714286
0.0,5.951664088589005,0.0,5.715096276288752,0.0,6.491767790268311,0.0,6.193148323949641,0.0,5.573646956370652,1.0,1.4285714285714286
0.0,5.594866673396103,0.0,5.894606869372053,0.0,6.053706920105656,0.0,6.3741165863965366,0.0,5.459379038139737,1.0,1.4285714285714286
0.0,5.6785389741318655,0.0,5.468744632887585,0.0,5.97045249691692,0.0,5.817860505981068,0.0,5.193387077037651,1.0,1.4285714285714286
0.0,5.741310420832355,0.0,5.619111028628714,0.0,6.306989319130741,0.0,6.064182457303393,0.0,5.34468696499083,1.0,1.4285714285714286
0.0,5.553746547057727,0.0,5.709718965108652,0.0,6.18487154929282,0.0,6.135917161762452,0.0,5.307526036821716,1.0,1.4285714285714286
0.0,5.611743658570026,0.0,5.52758664502862,0.0,6.180533264858906,0.0,5.937834415140075,0.0,5.304327169912207,1.0,1.4285714285714286
0.0,5.766029521154692,0.0,5.784099265577558,0.0,6.271634472964315,0.0,6.104379594435633,0.0,5.508541723987443,1.0,1.4285714285714286
0.0,5.407515906528502,0.0,5.43187256681105,0.0,5.826318563425049,0.0,5.765600317359711,0.0,5.19406528478075,1.0,1.4285714285714286
0.0,5.853896569291129,0.0,5.745526783179719,0.0,6.519038517868768,0.0,5.992755643389854,0.0,5.3611051784746,1.0,1.4285714285714286
0.0,5.54029467466156,0.0,5.579726956279687,0.0,6.083588198554813,0.005274389814802,5.90487643764052,0.0,5.376172817435721,1.0,1.4285714285714286
0.0,5.626074715654809,0.0,5.706479773672356,0.0,6.110429124025671,0.0,6.101968290344336,0.0,5.370186904208668,1.0,1.4285714285714286
0.0,5.710183357408784,0.0,5.9070055763642,0.0,6.167154221959196,0.2390356811350513,6.080176515653928,0.0222084404746748,5.492724725451031,1.0,1.4285714285714286
0.0,5.75154133361829,0.0,5.77961783202109,0.0,6.219496886176102,0.0,5.860294772826738,0.0,5.4342427196201815,1.0,1.4285714285714286
0.0,5.660387927651467,0.0,5.587139203219953,0.0,6.080811857196405,0.0,5.9527361237690695,0.0,5.2445530659322985,1.0,1.4285714285714286
0.0,5.843199175475085,0.0,5.719733325630461,0.0,6.370182009360236,0.0,6.089182941003754,0.0,5.502853368912958,1.0,1.4285714285714286
0.0,5.564232924420002,0.0,5.55065954770012,0.0,5.965566158276823,0.0,5.764645518794,0.0,5.160447497470683,1.0,1.4285714285714286
0.0,5.404892347058476,0.0,5.602006087973812,0.0,5.931062691529653,0.0,6.095370219221671,0.0,5.270364847009697,1.0,1.4285714285714286
0.0,5.624429928351364,0.0,5.412391189399314,0.0,6.189683881227468,0.0,5.719996197740613,0.0,5.379421392862082,1.0,1.4285714285714286
0.0,5.631662518332961,0.0,5.83687264695748,0.0,6.167351851468884,0.0,6.157925638560599,0.0,5.314623730024159,1.0,1.4285714285714286
0.0,5.778193302537333,0.0,5.913083500057723,0.0,6.080857179373736,0.0,6.11880589438117,0.0,5.485317180287887,1.0,1.4285714285714286
0.0,5.452531837349505,0.0,5.575653417560847,0.0,5.850803226508282,0.0,6.107580540972121,0.0,5.324040496365424,1.0,1.4285714285714286
0.0,5.513924535677381,0.0,5.618894302645305,0.0,5.977303606060519,0.0,6.035889113068246,0.0,5.302256345335106,1.0,1.4285714285714286
0.0,5.327767085559084,0.0,5.599856234873256,0.0,5.668427017404394,0.0,5.833021349485746,0.0,5.161986323689572,1.0,1.4285714285714286
0.0,5.573435834264949,0.0,5.593995679785915,0.0,6.074008521432222,0.0,5.907234180255602,0.0,5.361716440388725,1.0,1.4285714285714286
0.0,5.7649146451691085,0.0,5.616636101058892,0.0,6.30569390147566,0.0,5.8509286757115975,0.0,5.299239974963866,1.0,1.4285714285714286
0.0,5.764383003885021,0.0,5.691745635948235,0.0,6.364346680466039,0.0,6.20395022322966,0.0,5.487319589512914,1.0,1.4285714285714286
0.0,5.527665300149952,0.0,5.593911512421095,0.0,6.090173031056575,0.0,5.9196485194857695,0.0,5.276139309210599,1.0,1.4285714285714286
0.0,6.022176300400383,0.0,5.76623132097844,0.0,6.438760661070239,0.0,6.036864865192786,0.0,5.502660051282503,1.0,1.4285714285714286
0.0,5.943336977997225,0.0,5.853388879025785,0.0,6.093324278910301,0.0,6.101704822355724,0.0,5.507123115687539,1.0,1.4285714285714286
0.0,5.735015277204036,0.0,5.517404170309084,0.0,6.187611401056818,0.0,5.965810076948936,0.0,5.521901829490524,1.0,1.4285714285714286
0.0,5.792942755290062,0.0,5.531896874389303,0.0,6.353467314609872,0.0,5.894065618568703,0.0,5.346079827189601,1.0,1.4285714285714286
0.0,5.676134023261923,0.0,5.858251102341943,0.0,6.220428948503485,0.0212194321991735,6.096490698350917,0.0,5.466325093756796,1.0,1.4285714285714286
0.0,5.506016904895812,0.0,5.287587849502078,0.0,6.0561406983683295,0.0,5.533246956627042,0.0,5.211683726703503,1.0,1.4285714285714286
0.0,5.679617952433456,0.0,5.695236321347077,0.0,6.2279689865609065,0.0,6.121802294684534,0.0,5.400619310239255,1.0,1.4285714285714286
0.0,5.748712647384165,0.0,5.606313219242081,0.0,6.134456644332773,0.0424114203792089,5.813955302544552,0.0,5.3175799972229045,1.0,1.4285714285714286
0.0,5.24656374088757,0.0,5.5367963810024445,0.0,5.69334693149951,0.0,5.799372070062148,0.0,5.19018773956766,1.0,1.4285714285714286
0.0,5.394079708699307,0.0,5.487654726073543,0.0036983056151566,5.825484970837875,0.0,5.791224637738516,0.0,5.138584123099515,1.0,1.4285714285714286
0.0,5.685720812257447,0.0,5.3216568724839215,0.0,6.213689032565293,0.0,5.805047407190928,0.0,5.341754107889125,1.0,1.4285714285714286
0.0,5.842875098302284,0.0,5.651168144509873,0.0,6.313255815408778,0.0052188938841578,6.021751831117197,0.0,5.40875144215968,1.0,1.4285714285714286
0.0,5.60535566314312,0.0,5.579903710962407,0.0,6.202549787057781,0.0,6.090387933218032,0.0,5.411747480599533,1.0,1.4285714285714286
0.0,5.92255854062459,0.0,6.041446584909935,0.0,6.191746911082119,0.0,6.169823646574974,0.0,5.528948093762106,1.0,1.4285714285714286
0.0,5.635203929209015,0.0,5.843749480655494,0.0,6.080288840642068,0.0,6.097481418346328,0.0,5.338804374610101,1.0,1.4285714285714286
0.0,5.823385924625008,0.0,5.734143576473364,0.0,6.356424216491424,0.0,5.970656740016806,0.0,5.48101741577034,1.0,1.4285714285714286
0.0,5.547704906927429,0.0,5.4550550152562165,0.0,5.922216416696124,0.0,5.797143698943777,0.0,5.241115217610304,1.0,1.4285714285714286
0.0,5.4999109968618525,0.0,5.612009199925927,0.0,6.024392593789406,0.0,6.021065222110417,0.0551015217825791,5.371620653727691,1.0,1.4285714285714286
0.0,5.8070931066134985,0.0,5.645137552341896,0.0,6.433355871899217,0.0,6.041036768333124,0.0,5.479974518082194,1.0,1.4285714285714286
0.0,5.501910505757215,0.0,5.571864822064872,0.0,5.9835721317237,0.0,5.974581447393665,0.0,5.307517341889645,1.0,1.4285714285714286
0.0,5.605083939027093,0.0,5.577245737203916,0.0,6.090849507109323,0.0,5.94689167509138,0.0,5.248291545499975,1.0,1.4285714285714286
0.0,5.728388307303323,0.0,5.690027213047041,0.0,6.233919959651745,0.0,5.923920972115175,0.0,5.361936308564473,1.0,1.4285714285714286
0.0,5.536794291540691,0.0,5.757210212012804,0.0,5.813879036150905,0.0,6.121941018120135,0.0,5.306146357260831,1.0,1.4285714285714286
0.0,5.369824215680874,0.0,5.468454718874959,0.0,5.86544144421925,0.0,5.885563657529929,0.0,5.251166916681093,1.0,1.4285714285714286
0.0,5.724411658555917,0.0,5.768989864102193,0.0,6.096474134431758,0.0,6.197437004714886,0.0,5.39178031635216,1.0,1.4285714285714286
0.0,5.540309746589993,0.0,5.629529648919009,0.0,5.881520493336484,0.0,5.970258224129181,0.0,5.229557514906777,1.0,1.4285714285714286
0.0,5.862562607593159,0.0,5.933480315388834,0.0,6.494438861988443,0.0,6.42863446737002,0.0,5.650333751252508,1.0,1.4285714285714286
0.0,5.266889504453978,0.021413944817043,5.293491506126832,0.035661474779553,5.673669065892426,0.2229082585837269,5.665434145971969,0.0540815423315312,5.098917364901269,1.0,1.4285714285714286
0.0,6.057015697210384,0.0,5.955761483225525,0.0183370630475819,6.553945597086927,0.0,6.236394724670803,0.0,5.59713665228613,1.0,1.4285714285714286
0.0,5.677876021669936,0.0,5.630232319929999,0.0,6.037567347445221,0.0,5.959352175549178,0.0,5.295640478688146,1.0,1.4285714285714286
0.0,5.538986370312199,0.0,5.715589045037811,0.0,6.063413038643481,0.0,6.115171355637301,0.0,5.375913383148378,1.0,1.4285714285714286
0.0,5.845088756622538,0.0,5.770056019335845,0.0,6.22936305363987,0.0,6.070415990765,0.0,5.380432289075756,1.0,1.4285714285714286
0.0,5.514063224240557,0.0,5.690156533389961,0.0502534339967457,5.920106887197655,0.1001451616797903,5.932857542360485,0.0,5.214437434941495,1.0,1.4285714285714286
0.0,5.601916866295922,0.0,5.6236839932117,0.0,6.096004940226117,0.0,6.020488596872029,0.0,5.403859811891923,1.0,1.4285714285714286
0.0,5.691556169782524,0.0,5.816085906884298,0.0,6.196173333986571,0.0,5.992304852547422,0.0,5.4992090915065965,1.0,1.4285714285714286
0.0,5.5497791437463,0.0,5.441465872965268,0.0,6.019437550241821,0.0,5.831429606162187,0.0,5.3409914965517125,1.0,1.4285714285714286
0.0,5.65925222214802,0.0,5.622276278067701,0.0,6.177664019613633,0.0,6.029475493780317,0.0,5.344081261329218,1.0,1.4285714285714286
0.0,5.473443813697077,0.0,5.57836240549563,0.0,5.909385395188311,0.0,5.848612411136685,0.0,5.1229243004604825,1.0,1.4285714285714286
0.0,5.435962131482025,0.0,5.595197087744201,0.0,5.951461771751344,0.0,6.086753598089572,0.0,5.20105822871634,1.0,1.4285714285714286
0.0,5.461948939606048,0.0,5.284822556870768,0.0,6.035191447821557,0.0,5.507505939293303,0.0,5.155538248762656,1.0,1.4285714285714286
0.0,5.681765569507637,0.0,5.455704384366842,0.0,6.259938257304602,0.0,5.87356370523501,0.0,5.242724148304656,1.0,1.4285714285714286
0.0,5.686727730669528,0.0,5.681485886848555,0.0,6.226875030878728,0.0,5.902845199569774,0.0,5.397953648061594,1.0,1.4285714285714286
0.0,5.6916394564909965,0.0,5.5082234078291785,0.0,6.1627926470424965,0.0,5.824802573995626,0.0,5.376712667144694,1.0,1.4285714285714286
0.0,5.783310478516217,0.0,5.631349160725814,0.0,6.294547982670864,0.0,6.082946103426905,0.0,5.436938421070982,1.0,1.4285714285714286
0.0,5.570044674426733,0.0,5.626731892651177,0.0,5.902183361763314,0.0,5.9195676087513,0.0,5.249211099697684,1.0,1.4285714285714286
0.0,5.726393111417054,0.0,5.533663400915452,0.0,6.279414722429728,0.0,5.903408309175113,0.0,5.294619344622137,1.0,1.4285714285714286
0.0,5.573738802967376,0.0,5.741839773143388,0.0,5.978893661249408,0.0,6.066469408245322,0.0,5.367229814708732,1.0,1.4285714285714286
0.0,5.803751167453729,0.0,5.718811676209017,0.0,6.340777897771633,0.0,6.16283632001428,0.0,5.461372370795879,1.0,1.4285714285714286
0.0,5.767070796248362,0.0,5.744575755619878,0.0,6.185892767860601,0.0,5.923126736839429,0.0,5.409611897101465,1.0,1.4285714285714286
0.0,5.388045219049669,0.0,5.500791747956339,0.0,5.851814420761053,0.0,5.864018812452391,0.0,5.205731412711748,1.0,1.4285714285714286
0.0,5.821067785572631,0.0,5.739960715719601,0.0,6.47602065211254,0.0,6.207300011717334,0.0,5.600801091998459,1.0,1.4285714285714286
0.0,5.517205526849212,0.0,5.856510964639784,0.0,5.936962211595598,0.0,6.231958445859462,0.0,5.343500353799601,1.0,1.4285714285714286
0.0,5.494479316272342,0.0,5.583946753190364,0.0,6.087712604704227,0.0,5.874780212395339,0.0,5.255009697870484,1.0,1.4285714285714286
0.0,5.869066422031462,0.0,5.886182143423939,0.0,6.386068052012702,0.0,6.421382140041549,0.0,5.612286486090524,1.0,1.4285714285714286
0.0,5.275986080590637,0.0,5.438780539626853,0.0,5.697038493321531,0.0,5.621159210012815,0.0,5.095094503876246,1.0,1.4285714285714286
0.0,5.340918417350261,0.0,5.64450799670789,0.0,5.82321074942303,0.0,5.982528695928673,0.0,5.223149278218463,1.0,1.4285714285714286
0.0,5.486883491758952,0.0,5.65967691965548,0.0,6.063680136771162,0.0,6.006493601869704,0.0,5.265521469605764,1.0,1.4285714285714286
0.0,5.6938647116096215,0.0,5.820691158537526,0.0,6.163037230983068,0.0,6.114262634677516,0.0,5.359696210984183,1.0,1.4285714285714286
0.0,5.620878168048899,0.0,5.744967014621796,0.0,6.127959303856133,0.0,5.77196850131048,0.0,5.293226134044686,1.0,1.4285714285714286
0.0,5.8669318537177215,0.0,5.675965518545017,0.0,6.4367279647812525,0.0,5.929223746514037,0.0,5.469656785561351,1.0,1.4285714285714286
0.0,5.621571238345352,0.0,5.753478377471313,0.0,6.166057504852867,0.0,6.102370715257818,0.0,5.369223755674437,1.0,1.4285714285714286
0.0,5.6410250066977055,0.0,5.609478988583793,0.0,6.290822649871793,0.0,6.165621535023355,0.0,5.337912601924526,1.0,1.4285714285714286
0.0,5.823696170835682,0.0,5.718088871350929,0.0,6.301867023673555,0.0,6.096017714200577,0.0,5.381277454199671,1.0,1.4285714285714286
0.0,5.712584368081723,0.0,5.502879066637734,0.0,6.255795755711626,0.0,5.942358736180111,0.0,5.357354816948538,1.0,1.4285714285714286
0.0,5.583977482818535,0.0,5.516702244811903,0.0,6.13462720445691,0.0,5.919494071173543,0.0,5.221872104066097,1.0,1.4285714285714286
0.0,5.658884667189631,0.0,5.830949836983765,0.0,6.1046804839367095,0.0,6.091574171873117,0.0,5.324282848956339,1.0,1.4285714285714286
0.0,5.654646088196977,0.0,5.650215117776128,0.0,6.066770008790205,0.2523385454053504,6.107460827872086,0.0,5.381169479192987,1.0,1.4285714285714286
0.0,5.72209095881729,0.0,5.675485871197389,0.0644266524103598,6.183120620924536,0.0697565248101512,5.860722350875759,0.0,5.395784499445367,1.0,1.4285714285714286
0.0,5.635901512875747,0.0,5.485135272992093,0.0277208892799503,6.084489775003686,0.0007185247895688,5.872312949414965,0.0,5.409188003561945,1.0,1.4285714285714286
0.0,5.682823501353275,0.0,5.767891821591601,0.0,6.364050801047257,0.0,6.264808594926657,0.0,5.49033199196562,1.0,1.4285714285714286
0.0,5.403373032516292,0.0,5.614293124352061,0.0,5.946111523606168,0.0,5.85907533995328,0.0,5.1791966182507805,1.0,1.4285714285714286
0.0,5.807305145333699,0.0,5.833917945735402,0.0,6.222645673093673,0.0,6.115838273223323,0.0,5.5097870471948935,1.0,1.4285714285714286
0.0,5.54572944580976,0.0,5.5654694300978615,0.0,6.138235396537922,0.0,6.010193224487519,0.0,5.27571356182151,1.0,1.4285714285714286
0.0,5.452163749960521,0.0,5.5084869940862,0.0,6.019258417317412,0.0,5.944028302744408,0.0,5.321455062026723,1.0,1.4285714285714286
0.0,5.446775169894379,0.0,5.579818190426718,0.0,6.005179746010201,0.0,5.996514361660725,0.0,5.334655752314932,1.0,1.4285714285714286
0.0,5.455383693926295,0.0,5.793061820940531,0.0,5.956463030212131,0.0180843135695161,6.022535440578047,0.0,5.352213777088852,1.0,1.4285714285714286
0.0,5.5636883000141,0.0,5.581895471253618,0.0,6.179616951075952,0.0,5.662155431074256,0.0,5.344936567006188,1.0,1.4285714285714286
0.0,5.67480193755525,0.0,5.436076872858748,0.0,6.2078161277584485,0.0,5.767822135303589,0.0,5.248166277531928,1.0,1.4285714285714286
0.0,5.606445243408755,0.0,5.462561685828341,0.0,6.13656448001552,0.0,5.878659801133384,0.0,5.322037449052036,1.0,1.4285714285714286
0.0,5.7951544952006735,0.0,5.918010087255913,0.0,6.382404861014351,0.0,6.371469137521665,0.0,5.402585367294194,1.0,1.4285714285714286
0.0,5.490831311110249,0.0,5.631775970234409,0.0,6.044625143248223,0.0,5.787412589934459,0.0,5.302881656851005,1.0,1.4285714285714286
0.0,5.681720608386303,0.0,5.458324007757288,0.0,6.171536566701457,0.0,5.720339797653854,0.0,5.375091131322024,1.0,1.4285714285714286
0.0,5.2841408177015,0.0,5.482137205773707,0.0,5.743709983410589,0.0,5.85248232034817,0.0,5.105566727387758,1.0,1.4285714285714286
0.0,5.539584815073822,0.0,5.694483947644383,0.0,6.092075392033715,0.0,6.0415099014976885,0.0,5.308702472913853,1.0,1.4285714285714286
0.0,5.340349915952543,0.0,5.287550696658628,0.0,5.840404607608653,0.0,5.545093374721431,0.0,4.93732372047085,1.0,1.4285714285714286
0.0,5.413655689502866,0.0,5.460034619233214,0.0,5.836227203698519,0.0,5.880229089657528,0.0,5.035547437376848,1.0,1.4285714285714286
0.0,5.610162018754009,0.0,5.581488703980805,0.1124858481063053,6.228209563091762,0.0364441380141798,5.831366029726899,0.0,5.308718029815525,1.0,1.4285714285714286
0.0,5.485950528767733,0.0,5.531672385566424,0.0,6.0572695755451855,0.0,5.775388583641799,0.0,5.277072328639283,1.0,1.4285714285714286
0.0,5.146518911398933,0.0,5.298243356130122,0.0,5.6721578885567805,0.0,5.780396200181252,0.0,5.090896916592739,1.0,1.4285714285714286
0.0,5.625589310107372,0.0,5.722253180683222,0.0,6.0864000742083855,0.0,6.140356890692376,0.0,5.369314735069198,1.0,1.4285714285714286
0.0,5.670063466727429,0.0,5.554219693309655,0.0,6.25255064150329,0.0,5.873078829876382,0.0,5.3450382005981965,1.0,1.4285714285714286
0.0,5.54467401714925,0.0,5.932093809625283,0.0,6.055019317653027,0.0,6.150989086955662,0.0,5.296105097011023,1.0,1.4285714285714286
0.0,5.715867721551494,0.0,5.658683709882238,0.0,6.15237438113094,0.0,6.331892757083942,0.0,5.452493299157486,1.0,1.4285714285714286
0.0,5.447116663781626,0.0,5.656491737873038,0.0,5.9176453448515005,0.0,6.072611417503216,0.0,5.165115650271143,1.0,1.4285714285714286
0.0,5.844455710122113,0.0,5.695499041911273,0.0,6.286688626992127,0.0,6.06864636390443,0.0,5.446045027810687,1.0,1.4285714285714286
0.0,5.334416700474026,0.0,5.369866282269838,0.07915305512515,5.7502408178147,0.0,5.8304928603716535,0.0,5.198204460541595,1.0,1.4285714285714286
0.0,5.476244768391856,0.0,5.499999724472463,0.1149193614768414,6.038907532795959,0.0172611898533411,5.97152103974891,0.0722721358061806,5.314515739440845,1.0,1.4285714285714286
0.0,5.495598263765986,0.0901217801336282,5.507077987422257,0.0,5.975594151503191,0.1064779274885802,5.943988681720542,0.0,5.297052853602846,1.0,1.4285714285714286
0.0,5.544863957202681,0.0,5.549552811713869,0.0,6.015997953738508,0.0,5.912398174885494,0.0,5.317209218507483,1.0,1.4285714285714286
0.0,5.65106501479511,0.0,5.805905820337957,0.0,6.170486002399478,0.0,6.179792164817491,0.0,5.394596899705133,1.0,1.4285714285714286
0.0,5.848943533459588,0.0,5.962338803916725,0.0,6.363132377121881,0.0,6.259984672733031,0.0,5.507602989362037,1.0,1.4285714285714286
0.0,5.745948886569978,0.0,5.823047807245553,0.0,6.15057023262735,0.0,6.2902715053828295,0.0,5.446889341677648,1.0,1.4285714285714286
0.0,5.69405932598806,0.0,5.386426302947048,0.0,6.276969788304234,0.0,5.642266980922483,0.0,5.311171042613599,1.0,1.4285714285714286
0.0,5.728658975417066,0.0,5.773525206832085,0.0,6.271185855616642,0.0,6.32208642837731,0.0,5.447727599265028,1.0,1.4285714285714286
0.0,5.394057746615828,0.0,5.475615213320848,0.0,5.855520270833772,0.0,6.008949647600042,0.0,5.161176394740301,1.0,1.4285714285714286
0.0,5.639627025823,0.0,5.639647159482917,0.0,6.186380661845822,0.0,5.971638155480082,0.0,5.428087057673117,1.0,1.4285714285714286
0.0656486617248869,5.598199435332683,0.0,5.761439433362501,0.1914605354669088,6.083467695344452,0.1643965822517581,6.0890119167563865,0.0092238167267717,5.293293189944164,1.0,1.4285714285714286
0.0,5.772750759716008,0.0,5.972851889091176,0.0,6.224323906034544,0.0,6.339983451824996,0.0,5.514397248443012,1.0,1.4285714285714286
0.0,5.705057270842233,0.0,5.762787377291391,0.0,6.200508768154871,0.0,6.199609109407453,0.0,5.423561465595398,1.0,1.4285714285714286
0.0,5.295954328660138,0.0,5.310199501463229,0.0,5.798999076512516,0.0,5.784502614015277,0.0,5.143074555263822,1.0,1.4285714285714286
0.0,5.495798347823482,0.0,5.6752201505257,0.0,5.95547094529404,0.0,5.90774975007399,0.0,5.2694982766890215,1.0,1.4285714285714286
0.0,5.804796265661972,0.0,5.618948389094381,0.0,6.370414056627762,0.0,6.231506841435359,0.0,5.449005000250394,1.0,1.4285714285714286
0.0,5.977557137965925,0.0,6.12157178580725,0.0,6.502301828434625,0.1728700318044751,6.542543353936737,0.0,5.680879707905088,1.0,1.4285714285714286
0.0,5.809719898971755,0.0,5.9081628544760685,0.0,6.318740684432555,0.0,6.192319409978024,0.0,5.404650143297151,1.0,1.4285714285714286
0.0,5.55595732037602,0.0,5.499255087050078,0.0,5.957870346379606,0.0,5.767495500797702,0.0,5.128200108190487,1.0,1.4285714285714286
0.0,5.454997233808059,0.0,5.440488871726242,0.0,6.099825641403398,0.0,5.6203959591188895,0.0,5.325961957175713,1.0,1.4285714285714286
0.0,5.72604063825819,0.0,5.767888719922321,0.0,6.362588856008473,0.0,6.12783944799568,0.0,5.4720025404782895,1.0,1.4285714285714286
0.0,5.511317891248115,0.0,5.599947642053031,0.0,6.020475620307425,0.0,5.877872279324301,0.0,5.248435195056715,1.0,1.4285714285714286
0.0,5.560759279264474,0.0,5.71675586771555,0.0,6.031072017054163,0.0,6.1537694710635975,0.0,5.250303819350336,1.0,1.4285714285714286
0.0,5.263703675726248,0.0,5.447940158693104,0.0,5.617397164583837,0.0,5.6828145994629775,0.0,5.202840091286895,1.0,1.4285714285714286
0.0,5.803807986441618,0.0,5.880602345905675,0.0,6.362097182086889,0.0,6.179397851911867,0.0,5.514462172714067,1.0,1.4285714285714286
0.0,5.967237962717181,0.0,5.888419056892346,0.0,6.518839875238343,0.0,6.29616547062255,0.0,5.619988417764682,1.0,1.4285714285714286
0.0,5.582729803806495,0.0,5.718157904081686,0.0,6.082496185223069,0.0,6.068420454604815,0.0,5.361638625800266,1.0,1.4285714285714286
0.0,5.43882528707521,0.0,5.793547931292236,0.0,6.04976643030607,0.0,6.205818485297723,0.0,5.376014626541855,1.0,1.4285714285714286
0.0,5.711226251932835,0.0,5.781920669938609,0.0,6.302885920849674,0.0,6.049076593248274,0.0,5.512601969902636,1.0,1.4285714285714286
0.0,5.579125719370539,0.0,5.845198408285724,0.0,6.009632779395997,0.0,5.954213783448162,0.0,5.352018517274276,1.0,1.4285714285714286
0.0,5.686786656404241,0.0,5.827942732926831,0.0,6.298854087454527,0.0,6.126788326023477,0.0,5.346336621682688,1.0,1.4285714285714286
0.0,5.675590115453813,0.0,5.735802484406712,0.0,6.243901636195587,0.0,6.105658294501525,0.0,5.349885468828944,1.0,1.4285714285714286
0.0,5.397858433468964,0.0,5.598686104845162,0.0,6.006031923094223,0.0,5.894166674671564,0.0,5.122941637935091,1.0,1.4285714285714286
0.0,5.28531759894597,0.0,5.486327371139432,0.0,5.723529148849442,0.0,5.801803564019735,0.0,5.084355583133612,1.0,1.4285714285714286
0.0,5.658880961249867,0.0,5.588120239307043,0.0,6.001391077525234,0.0,6.172193727665993,0.0,5.297642644596846,1.0,1.4285714285714286
0.0,5.681626564093766,0.0,5.4521182853505215,0.0,6.252872002233423,0.0,5.8350749680202405,0.0,5.338332017581161,1.0,1.4285714285714286
0.0,5.839246877083605,0.0,5.797296982403875,0.0,6.236260576395322,0.0,6.110855038854137,0.0,5.404790271511747,1.0,1.4285714285714286
0.0,5.555210756383145,0.0,5.465315718623907,0.0,5.953064017415675,0.0,5.633973466402331,0.0,5.255860801892865,1.0,1.4285714285714286
0.0,5.289545765381869,0.0,5.424873862369632,0.0,5.814807133195437,0.0,5.82620966998686,0.0,5.106986361313031,1.0,1.4285714285714286
0.0,5.790433678530032,0.0,5.870802139349073,0.0,6.2764993155637,0.0,6.083036668382142,0.0,5.558901827124052,1.0,1.4285714285714286
0.0,5.390969992598329,0.0,5.41898336537029,0.0,5.956426674377984,0.0,5.717312896152877,0.0,5.149729242485045,1.0,1.4285714285714286
0.0,5.68741567654625,0.0,5.523631978904286,0.0,6.133845732727979,0.0,5.724492541135731,0.0,5.344049795790837,1.0,1.4285714285714286
0.0,5.754727905296661,0.0,5.6209907873682425,0.0,6.366980382277494,0.0,6.066590641500725,0.0,5.431425229236552,1.0,1.4285714285714286
0.0,5.590152199816283,0.0,5.750560110522035,0.0,6.14635216807235,0.0,6.185922161999895,0.1205482282236855,5.298794211223517,1.0,1.4285714285714286
0.0,5.959774630763883,0.0,5.700758535485192,0.0,6.340505262750302,0.0,6.046973606255312,0.0,5.551952739250678,1.0,1.4285714285714286
0.0,5.707166711302577,0.0,5.537524383796672,0.0,6.228987154822021,0.0,5.811614926996505,0.0,5.32705222074385,1.0,1.4285714285714286
0.0,5.462516262395534,0.0,5.805785826283039,0.0,5.793417223681484,0.0,6.283992990649064,0.0,5.295383432910969,1.0,1.4285714285714286
0.0,5.843445798920701,0.0,5.532276217309341,0.0,6.383211747611653,0.0,5.888308238391207,0.0,5.278537948984537,1.0,1.4285714285714286
0.0,5.781258451147889,0.0,5.67681844616896,0.0,6.361420559991498,0.0,5.9115545917494,0.0,5.341344345237041,1.0,1.4285714285714286
0.0,5.331138889384282,0.0,5.459759217324725,0.0,5.887860331809119,0.0,5.663081849857213,0.0,5.219720916767117,1.0,1.4285714285714286
0.0,5.613821438172112,0.0,5.769660332207093,0.0,6.107138400185042,0.0,6.130737813479083,0.0,5.336501609192345,1.0,1.4285714285714286
0.0,5.65156405742558,0.0,5.7152579649584245,0.0,6.249401801210671,0.0,6.302000763586413,0.0,5.353253627878748,1.0,1.4285714285714286
0.0,5.613772896480171,0.0,5.622211595867196,0.0,6.147822977633074,0.0,5.930210439972204,0.0,5.401269460379248,1.0,1.4285714285714286
0.0,5.491669928179414,0.0,5.459578080976577,0.0,6.163601530797654,0.0,5.9569795677065605,0.0,5.354326240352481,1.0,1.4285714285714286
0.0,5.7098758364661535,0.0,5.796868902626962,0.0,6.062047160207509,0.0,6.053035485988486,0.0,5.281011207012631,1.0,1.4285714285714286
0.0,5.568998933451572,0.0,5.582096701924387,0.0,6.045761613353311,0.0,5.867653686578063,0.0,5.278297563711104,1.0,1.4285714285714286
0.0,5.4003290632317125,0.0,5.424714026972106,0.0,6.002205784639187,0.0,5.79964452176659,0.0,5.252911387267889,1.0,1.4285714285714286
0.0,5.734184631665544,0.0,5.845872580952028,0.0,6.17516926054672,0.0,6.239672698097175,0.0,5.35560974643634,1.0,1.4285714285714286
0.0,5.42798661094077,0.0,5.360300695329068,0.0,5.935561511300574,0.0,5.887342954446671,0.0,5.083736731017722,1.0,1.4285714285714286
0.0,5.585030045944009,0.0,5.5462652573097015,0.0,6.025401384644845,0.0,5.879318941372247,0.0,5.156104104877977,1.0,1.4285714285714286
0.0,5.671508321909366,0.0,5.670510251612331,0.0,6.140389808039753,0.0,6.032145232215559,0.0,5.45928281492604,1.0,1.4285714285714286
0.0,5.396539060396791,0.0,5.4318304019005685,0.0,5.852367255773365,0.0,5.713999035575715,0.0,5.151746631913479,1.0,1.4285714285714286
0.0,5.776267235343104,0.0,5.58244240482334,0.0,6.1134739472143735,0.0260016041592802,5.768777647651057,0.0,5.270993620711157,1.0,1.4285714285714286
0.0,5.581673624542054,0.0,5.561929561358619,0.0,5.959793232446526,0.0,5.990715874055016,0.0,5.229436547556683,1.0,1.4285714285714286
0.0,5.661062463962171,0.0,5.7541499961517,0.0,6.128552025593675,0.0370835047745943,5.955564208915329,0.0,5.370213842371763,1.0,1.4285714285714286
0.0,5.818033954687159,0.0,6.001276286462753,0.0,6.146925476766247,0.0,6.2569958976448365,0.0,5.485678538372073,1.0,1.4285714285714286
0.0,5.470386405559826,0.0,5.300668239089635,0.0,6.044678240924178,0.2436806185683707,5.634348662300511,0.0,5.164508363144027,1.0,1.4285714285714286
0.0,5.382199660937008,0.0,5.275815494417587,0.0,5.9879777394498,0.0,5.817168300419378,0.0,5.157741850091337,1.0,1.4285714285714286
0.0,5.677285895383101,0.0,5.64195158522722,0.0,6.18752735079168,0.0,6.186486051151135,0.0,5.382525759776439,1.0,1.4285714285714286
0.0,5.468218874288815,0.0,5.508674870617134,0.0,5.9714343762029065,0.0,5.764619830134518,0.0,5.302655390659364,1.0,1.4285714285714286
0.0,5.595876301547856,0.0,5.748554375924633,0.0,5.940657564132684,0.0,5.8771111866164505,0.0,5.366340942922107,1.0,1.4285714285714286
0.0,5.878872655929507,0.0,5.754573754151401,0.0,6.26409797929823,0.0,6.160779293908516,0.0,5.448658708916014,1.0,1.4285714285714286
0.0,5.477267354769845,0.0,5.714752462016932,0.0,5.897726154567255,0.0,5.905632707650352,0.0,5.3062381987282885,1.0,1.4285714285714286
0.0,5.689641843783297,0.0,5.602674716861795,0.1230325057959645,6.113723314705941,0.0,6.109350587675041,0.0,5.323276258868988,1.0,1.4285714285714286
0.0,5.507455838648982,0.0,5.443506112664494,0.0,6.06192207425079,0.0,5.902640885493288,0.0,5.176345075490256,1.0,1.4285714285714286
0.0,5.385433980888668,0.0,5.585112547601703,0.0,5.883957228146212,0.0,5.953077567748552,0.0,5.22457627920351,1.0,1.4285714285714286
0.0,5.593088249294341,0.0,5.774886361325666,0.0,6.103113643410948,0.0,6.110087832777808,0.0,5.358079870937649,1.0,1.4285714285714286
0.0,5.742231114503677,0.0,5.489708764075286,0.0,6.376466785702441,0.0,5.815043148120257,0.0,5.399360965112796,1.0,1.4285714285714286
0.0,5.411853488480097,0.0,5.468781522576656,0.0,6.042337058590399,0.0,5.992959056256252,0.0,5.205888164898291,1.0,1.4285714285714286
0.0,5.417661532817378,0.0,5.477669533775034,0.0,5.897078130094448,0.0,5.887887163921252,0.0,5.150932727072404,1.0,1.4285714285714286
0.0,5.843266992628927,0.0,5.655527323796118,0.0,6.345125880105622,0.0,5.964457847837266,0.0,5.406762610950982,1.0,1.4285714285714286
0.0,5.7476489432246645,0.0,5.740761327193298,0.0,6.295322221964908,0.0,6.243463401677163,0.0,5.500180123769931,1.0,1.4285714285714286
0.0,5.828526966168992,0.0,5.7251030100423375,0.0,6.38299778335356,0.0,6.2333243452230604,0.0,5.453381429983838,1.0,1.4285714285714286
0.0,5.544122076330256,0.0,5.447209231879463,0.0,6.081320454514262,0.0,5.784698819783453,0.0,5.180131393901795,1.0,1.4285714285714286
0.0,5.467508064446961,0.0,5.568507594775893,0.0,5.993966651870701,0.0,5.863638923223684,0.0,5.3292509411585,1.0,1.4285714285714286
0.0,5.552007994798309,0.0,5.625705628377681,0.0698507861791025,6.059137675416909,0.0,5.954119382028114,0.1782890081492623,5.326199737793124,1.0,1.4285714285714286
0.0,5.793422407939055,0.0,5.674892269969632,0.0,6.213363661241692,0.0,5.831089009908725,0.0,5.410932247534346,1.0,1.4285714285714286
0.0,5.8527141375576095,0.0,5.697453756887655,0.0796353990893578,6.382255090287723,0.0,6.150755637887908,0.0,5.399289112934785,1.0,1.4285714285714286
0.0,5.567276063956339,0.0,5.69826629329129,0.0,6.1233990435907,0.0,5.999875810122789,0.0,5.2483412247066905,1.0,1.4285714285714286
0.0,5.825930792841288,0.0,5.717429055828796,0.0,6.186652145221026,0.003536209821397,6.055111297776255,0.0,5.380703233197825,1.0,1.4285714285714286
0.0,5.364464085640571,0.0,5.508933508098166,0.0,5.74401679200464,0.0,5.754442661559268,0.0,5.106852199828754,1.0,1.4285714285714286
0.0,5.743350345281732,0.0,5.832817768942597,0.0,6.188669140766017,0.0,6.275563016685008,0.0,5.398087124846415,1.0,1.4285714285714286
0.0,5.669273328977496,0.0,5.874700574805005,0.0,6.142066316929274,0.0,6.060608569661737,0.0,5.324050624395404,1.0,1.4285714285714286
0.0,5.685494632374804,0.0,5.688693732870302,0.0,6.104580410445006,0.0,6.142762156217834,0.0,5.356547157121889,1.0,1.4285714285714286
0.0,5.585224004331054,0.0,5.637866463307686,0.0,6.183120785148802,0.0,6.068533507410363,0.0,5.450284277035719,1.0,1.4285714285714286
0.191760824612418,5.427116204475019,0.0673784033331978,5.464752560041339,0.3401278533600712,5.919649613045702,0.1593459825366836,5.729047904782344,0.0981946007634352,5.258156701657444,1.0,1.4285714285714286
